errmodel	readA	readT	readG	readC	readN	pos
refA	1.0	0.0	0.0	0.0	0.0	0
refT	0.0	1.0	0.0	0.0	0.0	0
refG	0.0	0.0	1.0	0.0	0.0	0
refC	0.0	0.0	0.0	1.0	0.0	0
refN	0.0	0.0	0.0	0.0	1.0	0
refA	0.9976550688963458	5.7773590690286564e-05	0.0006763361683476214	2.002817810596601e-05	0.0015853073285414633	1
refT	5.8481318710094135e-05	0.9981110707867478	7.07012957539944e-05	0.0001885367886773184	0.0015676484836317772	1
refG	0.00020237326763293848	0.00023143199324177066	0.9979836256677486	6.226869773321185e-05	0.0015162427898037082	1
refC	0.00020135201676470252	0.00016508956824783666	7.157062207276156e-05	0.9979383414932681	0.0016194046087663514	1
refN	0.0	0.0	0.0	0.0	1.0	1
refA	0.9953047935394455	0.0011713987580090537	0.0019474504351900518	0.0015544153255949086	0.0	2
refT	0.0020178453900303326	0.9950456477997482	0.0016731170949464888	0.0012389651176100268	0.0	2
refG	0.001252180313965211	0.0006350914531692564	0.9974732687880513	0.0006330911651277784	0.0	2
refC	0.0025381926152962023	0.001549521361790889	0.0019326447754205046	0.9939431770001328	0.0	2
refN	0.0	0.0	0.0	0.0	1.0	2
refA	0.9994060437558927	2.9445954293186675e-05	0.0005373886658506568	2.676904935744243e-05	0.0	3
refT	0.00014995480412467862	0.9996517993509473	5.9060411680390184e-05	0.00013906423175808185	0.0	3
refG	0.00019248758856069592	0.00018009255444883292	0.9995988233123044	2.843566649192099e-05	0.0	3
refC	0.00013120968582403057	0.0001979391831859661	0.00020543687951876785	0.9994651283166921	0.0	3
refN	0.0	0.0	0.0	0.0	1.0	3
refA	0.9995119236437741	3.284184598542643e-05	0.00043789127980568577	1.7105128117409598e-05	0.0	4
refT	0.00010740687536603424	0.999692713100149	4.9504403460888206e-05	0.00015028122479198206	0.0	4
refG	0.00014959179682369183	0.00014375406816715753	0.9996656783007698	4.086410059574021e-05	0.0	4
refC	8.989247477056291e-05	0.0001959194962948166	0.0001736384555397198	0.9995403383816682	0.0	4
refN	0.0	0.0	0.0	0.0	1.0	4
refA	0.9997448898242929	2.78955590270029e-05	0.00020988087267935517	1.7268679397668462e-05	0.0	5
refT	5.836998023457118e-05	0.9997783141297243	2.8339048374755574e-05	0.00013492770793353774	0.0	5
refG	0.00015223981923524621	0.00017409242486709974	0.99962763868273	4.58904718268924e-05	0.0	5
refC	0.00011176452403769556	0.0002052979555018663	5.07299967263299e-05	0.9996320722026585	0.0	5
refN	0.0	0.0	0.0	0.0	1.0	5
refA	0.999809304704521	3.404623887794492e-05	0.00013890865462201526	1.7704044216531354e-05	0.0	6
refT	4.8156714206099356e-05	0.9997687943281045	5.3410173937673826e-05	0.0001295853400455037	0.0	6
refG	0.00016859129723077986	0.00013112656451282878	0.9996771227020217	2.3055220134123744e-05	0.0	6
refC	7.673055613855733e-05	0.00016324049688300923	3.986979877787783e-05	0.9997200808153774	0.0	6
refN	0.0	0.0	0.0	0.0	1.0	6
refA	0.9997887564617649	2.9594753657306205e-05	0.00015739028081385574	2.4213889355977805e-05	0.0	7
refT	7.662540006467703e-05	0.9997787330888861	2.1212681373837143e-05	0.00012337988146007318	0.0	7
refG	0.00018144063867104812	0.00017280060825814107	0.9996160913198463	2.9520103910765767e-05	0.0	7
refC	9.86295881058881e-05	0.0001833893903843857	4.3150444796326045e-05	0.9996747248071666	0.0	7
refN	0.0	0.0	0.0	0.0	1.0	7
refA	0.999785132526462	2.6429120825130707e-05	0.0001578970551860373	3.0495139413612353e-05	0.0	8
refT	7.655248438329318e-05	0.9997579505172585	2.0839287415452036e-05	0.00014459913716844268	0.0	8
refG	0.00018034186099658226	0.0001715803130939143	0.9996099590456998	3.7966707578227844e-05	0.0	8
refC	8.836103867268126e-05	0.0001699250743705409	4.455813061271961e-05	0.9996970640139244	0.0	8
refN	0.0	0.0	0.0	0.0	1.0	8
refA	0.999763270849297	3.183322710723853e-05	0.0001882312559384539	1.660864022986358e-05	0.0	9
refT	3.709161291192765e-05	0.9997786658313585	5.015797655135671e-05	0.00013403560120446584	0.0	9
refG	0.00017863627742581447	0.0001573175447289066	0.9996345074933318	2.9405148547459175e-05	0.0	9
refC	9.485667678969154e-05	0.00018896645061253513	4.2573469110334e-05	0.9996734968339653	0.0	9
refN	0.0	0.0	0.0	0.0	1.0	9
refA	0.9997773280986376	3.161102565671906e-05	0.00016343572839537727	2.757557557288258e-05	0.0	10
refT	7.506098705197973e-05	0.9997537572135506	2.993503650287287e-05	0.00014118614231205712	0.0	10
refG	0.00014458384555248466	0.00012932625381076519	0.999677306820164	4.867898317596217e-05	0.0	10
refC	0.00010291676477077697	0.00019176577032828227	6.071348713096195e-05	0.9996444776265326	0.0	10
refN	0.0	0.0	0.0	0.0	1.0	10
refA	0.9997799736647491	2.57998811847577e-05	0.00018059916829330392	1.3578884834083e-05	0.0	11
refT	5.782384698601828e-05	0.999733680483916	7.76738243095768e-05	0.0001307509375877876	0.0	11
refG	0.0001659063230594575	0.00015866150545860782	0.9996354528284657	3.98464968046732e-05	0.0	11
refC	8.930119581742966e-05	0.00019795098406196908	6.474336696763651e-05	0.99964788050866	0.0	11
refN	0.0	0.0	0.0	0.0	1.0	11
refA	0.9997937488661361	2.482779167827596e-05	0.0001593116632689374	2.2069148158467518e-05	0.0	12
refT	3.960923994127611e-05	0.9997580269655091	3.960923994127611e-05	0.00016269601782330616	0.0	12
refG	0.00017535587784171114	0.00015571019858143644	0.9996360587197419	3.2742798767124485e-05	0.0	12
refC	8.653576787293616e-05	0.00017967172143109627	5.280148548179155e-05	0.9996808892260133	0.0	12
refN	0.0	0.0	0.0	0.0	1.0	12
refA	0.9997850182024682	3.0415413720595898e-05	0.00016559503025657767	1.8925146315037447e-05	0.0	13
refT	7.285318229323273e-05	0.9997138037992546	0.00010331905852494824	0.00010994207509706031	0.0	13
refG	0.00015853530828572427	0.00017017092724247467	0.9996260659666195	4.5088023457407816e-05	0.0	13
refC	9.052416411154913e-05	0.00017885822747846402	4.453204847422981e-05	0.9996859869867165	0.0	13
refN	0.0	0.0	0.0	0.0	1.0	13
refA	0.9997522451933198	2.7747079281526602e-05	0.00018407818450183504	3.586817565660756e-05	0.0	14
refT	3.7302601706401084e-05	0.9997666971304175	6.088470623343625e-05	0.00013506114410938324	0.0	14
refG	0.0001536410339746123	0.00013886785763089958	0.9996623189305338	4.50581878483238e-05	0.0	14
refC	7.192116852817733e-05	0.00012622898966169896	6.0178936931740205e-05	0.9997416041537133	0.0	14
refN	0.0	0.0	0.0	0.0	1.0	14
refA	0.9997774453621474	2.5488202406637404e-05	0.00014948486276325179	4.753205313670218e-05	0.0	15
refT	7.127486404426383e-05	0.999716100354469	6.359254336883419e-05	0.000148951661984719	0.0	15
refG	0.00015277316506144139	0.00014244068046791395	0.9996685126109173	3.616369607734603e-05	0.0	15
refC	8.514087904682967e-05	0.00013607986651074485	5.6032886210306705e-05	0.9997226694773375	0.0	15
refN	0.0	0.0	0.0	0.0	1.0	15
refA	0.9997545299453011	3.749316601837574e-05	0.00016428823655324643	4.3628411366837224e-05	0.0	16
refT	7.888476983516134e-05	0.9997689580794051	4.1839435934671205e-05	0.00011026434678616474	0.0	16
refG	0.0001835759718144796	0.0001395177385790045	0.9996510839536081	2.5700636054027144e-05	0.0	16
refC	8.878357765797655e-05	0.00019430504290721096	3.493124366871209e-05	0.9996818789669584	0.0	16
refN	0.0	0.0	0.0	0.0	1.0	16
refA	0.9997666510422355	3.797817746795422e-05	0.00016005089075780705	3.5265450505957485e-05	0.0	17
refT	5.961550998281014e-05	0.999686384137816	8.148882659520811e-05	0.00017241320153301928	0.0	17
refG	0.00019075736543535234	0.00012399228753297902	0.9996469742907743	3.815147308707047e-05	0.0	17
refC	0.00012385362114276585	0.00015683239600326564	5.4964624767499635e-05	0.9996642366589055	0.0	17
refN	0.0	0.0	0.0	0.0	1.0	17
refA	0.9997848317411802	3.102720741343409e-05	0.00015444654356909415	2.9648220417281464e-05	0.0	18
refT	5.687426779766031e-05	0.9997508976090049	5.6443402132526525e-05	0.00013572268451714394	0.0	18
refG	0.00014326919843807336	0.00016812201857529016	0.9996380412106535	5.043660557258705e-05	0.0	18
refC	0.00012233814988522654	0.00016866739007844844	3.981419079105006e-05	0.9996690707913336	0.0	18
refN	0.0	0.0	0.0	0.0	1.0	18
refA	0.9996804839748066	4.6311619994088456e-05	0.00018797069291718257	2.996634234911606e-05	5.516531205178184e-05	19
refT	9.700283099703617e-05	0.9994342672296014	0.000265228461329734	0.00011928726514500393	8.389434032176101e-05	19
refG	0.0001410686458937026	0.00019996844134416604	0.999527123814263	6.835284904127858e-05	6.32627432616089e-05	19
refC	0.00017626398687377323	0.0001682849586613802	8.41424793306901e-05	0.9995290156136041	4.207123966534505e-05	19
refN	0.0	0.0	0.0	0.0	1.0	19
refA	0.950049058642853	0.006064730638875628	0.005936068421213014	0.007987892208148382	0.027585856636431046	20
refT	0.008500349978451109	0.9477403771268464	0.006391746185060221	0.0072515185746205146	0.027520576243995457	20
refG	0.008333375814639738	0.0053417208424698485	0.9489795215442846	0.00727377065774899	0.027594885639109407	20
refC	0.010590146261872851	0.006712895518909154	0.006182623390245324	0.9460690235431758	0.027685595245032342	20
refN	0.0	0.0	0.0	0.0	1.0	20
refA	0.9997109371981743	4.2070967515005885e-05	0.0001689735580520728	7.793474310156828e-05	0.0	21
refT	8.549478021484181e-05	0.9996921240327892	5.392747675090022e-05	0.00016835895180768848	0.0	21
refG	0.00015784311422261898	0.00015857726824225908	0.9996401350741982	4.331508715876521e-05	0.0	21
refC	0.00022143457448752147	0.0001900098658968831	5.8464574122117877e-05	0.9995298700672001	0.0	21
refN	0.0	0.0	0.0	0.0	1.0	21
refA	0.9996869356135419	4.258506197140447e-05	0.00016831238779174148	0.00010206895805844563	0.0	22
refT	0.00012751837725780585	0.9996549614898931	3.5864543603757895e-05	0.00018153657873507082	0.0	22
refG	0.0001515173803674664	0.00015593050795098486	0.9996372564817411	5.5164094793980495e-05	0.0	22
refC	0.00028153877479911876	0.00016465975340731751	4.410529109124576e-05	0.9995094556649413	0.0	22
refN	0.0	0.0	0.0	0.0	1.0	22
refA	0.9996574467826348	2.701664022413005e-05	0.0001702048334120193	0.00013981111315987299	5.40332804482601e-06	23
refT	7.028221824737233e-05	0.9996537402207978	6.369326028668117e-05	0.00020952886314997874	2.635583184276462e-06	23
refG	0.00015693946151515927	0.00014161049085553904	0.9996385436595446	5.1826519849192124e-05	1.0949264756871576e-05	23
refC	0.0001915605379374921	0.0001738097544992689	4.511657457215065e-05	0.9995812020389393	8.135775742518969e-06	23
refN	0.0	0.0	0.0	0.0	1.0	23
refA	0.9996491146312345	4.110495602454788e-05	0.00019182312811455676	0.00011783420727037058	0.0	24
refT	0.00011078746610097523	0.999613603402705	7.414569715707292e-05	0.0002008831097395115	4.310796346341449e-07	24
refG	0.00020664159220632616	0.0002008001337693982	0.9995412351440178	5.1112761323119545e-05	0.0	24
refC	0.0002492722798162465	0.00015708578580136243	4.941196079197786e-05	0.9995440221525549	0.0	24
refN	0.0	0.0	0.0	0.0	1.0	24
refA	0.9994659051420489	4.6623889810855664e-05	0.00018649555924342266	0.0002973117611127028	3.378542739917077e-06	25
refT	0.00016161911998835627	0.9995336766735603	7.634494341991416e-05	0.00022680252197261047	1.3393849722791958e-06	25
refG	0.00016538783813946	0.00015806979220408566	0.999609063575487	6.51306088248316e-05	2.195413780612301e-06	25
refC	0.00035862485410154165	0.00016495270496662284	5.6702492332276605e-05	0.9994164340139393	2.945584017261122e-06	25
refN	0.0	0.0	0.0	0.0	1.0	25
refA	0.9995383410784922	3.65904230666027e-05	0.00017278810892562386	0.00021683213669097896	3.523522221228408e-05	26
refT	9.548086440841282e-05	0.9995749733810648	9.767079249117459e-05	0.0001804500740195692	5.1244317136625235e-05	26
refG	0.00016791195254470931	0.00014958095335860567	0.9995649995561968	6.085891729786407e-05	5.64594774931992e-05	26
refC	0.00029401741384955666	0.00021086097356887395	4.900290230825944e-05	0.999396752119354	4.900290230825944e-05	26
refN	0.0	0.0	0.0	0.0	1.0	26
refA	0.9993544358505563	5.245656834579915e-05	0.0001900699034867268	0.00038899611072014693	1.3625082687220558e-05	27
refT	0.00022197247278648132	0.9993305700362622	0.00011733456155182838	0.00031041120947853106	1.9263883239852423e-05	27
refG	0.00021805526789438833	0.0001684641032896445	0.9995286618812957	7.584531057196115e-05	8.751381989072441e-06	27
refC	0.00045729200920749754	0.0002121306431155165	5.431718889463052e-05	0.9992632394692093	1.2478273124442149e-05	27
refN	0.0	0.0	0.0	0.0	1.0	27
refA	0.9905909443609818	5.783810576168414e-05	0.0001708241728310206	0.00029860603439753206	0.008794082220230022	28
refT	0.0001468772949577337	0.9905238451908075	0.00010134086916536642	0.0002950938965564194	0.008843888185752902	28
refG	0.00014769633925117956	0.00020326525896944514	0.9904467978466542	9.066507954032805e-05	0.009021175414262641	28
refC	0.00041543278020174406	0.0002080814452680089	5.329805440198123e-05	0.9902054821284147	0.009022703510954575	28
refN	0.0	0.0	0.0	0.0	1.0	28
refA	0.9819268566841176	0.0029913489059306218	0.0030593035257009756	0.004429161009388503	0.0072724899514629085	29
refT	0.0033281207205774514	0.9833449726158745	0.0031430287930592736	0.0032729023651126015	0.006638129820562432	29
refG	0.0031231974172210124	0.0022597853971512523	0.9849075170761682	0.00286146879471045	0.006623634971915349	29
refC	0.005074167151467544	0.0034920428672255903	0.003246197143169328	0.9806409469108599	0.007178990452621912	29
refN	0.0	0.0	0.0	0.0	1.0	29
refA	0.9994575937220055	4.091413078611047e-05	0.00016911174058258994	0.00026457804575018106	6.750831579708228e-05	30
refT	0.0001132839666009124	0.999341732661177	0.00018676545845015287	0.00029742508605644954	6.0359796876161814e-05	30
refG	0.00014478257258788193	0.00015874637400498727	0.9995191201221758	0.00010803572675339412	6.908407016883705e-05	30
refC	0.0003206892249888089	0.0002245558417541774	7.044889153072232e-05	0.9993273480034132	5.6505881748600196e-05	30
refN	0.0	0.0	0.0	0.0	1.0	30
refA	0.9994094114315129	3.353636247173723e-05	0.0001985352658326844	0.00030920526198941725	4.896308920873636e-05	31
refT	0.00016459620026787922	0.9993780520287667	0.00019121553184759014	0.00025598923869155337	9.760421579227338e-06	31
refG	0.00014311301797322458	0.00020360408742582466	0.9995018071484401	9.737586789930746e-05	5.3851805732192754e-05	31
refC	0.0004123312682592077	0.00022337661957203968	7.909729479927962e-05	0.999278082587352	6.591441233273302e-06	31
refN	0.0	0.0	0.0	0.0	1.0	31
refA	0.9983514811763249	0.00022714672132524656	0.0002520118949614422	0.0010799549738747668	8.66920918667361e-05	32
refT	0.000303515716436839	0.9989582281397312	0.00023407830792826723	0.00045243493845836726	5.0658738282983205e-05	32
refG	0.00025322570021297304	0.00018882147588134986	0.9992851880116655	0.0002217554542327481	5.0498766805477286e-05	32
refC	0.00084548768188915	0.00037494896322165636	0.00013412205996663992	0.99857672794355	6.669052705523531e-05	32
refN	0.0	0.0	0.0	0.0	1.0	32
refA	0.9993561595770412	4.970381970450058e-05	0.0001824742969973446	0.0002648600803431606	0.0001463879621433921	33
refT	0.00011487512385646546	0.9992770982664136	0.00028008878513317983	0.00025771610183529146	6.969951335111388e-05	33
refG	0.00018485895553959454	0.00018266695211422384	0.9994619391391757	9.717881852476709e-05	7.306678084568953e-05	33
refC	0.00045013881127874903	0.00026017875463073834	9.239302366148379e-05	0.9990826203912772	0.00011382820515094802	33
refN	0.0	0.0	0.0	0.0	1.0	33
refA	0.9993713729831271	5.9001519959610774e-05	0.00020114154531685494	0.0003023827897930052	6.570623813683928e-05	34
refT	0.0001405282010143581	0.9991530303524646	0.0003343602024134727	0.00031762016592900373	5.37443276606636e-05	34
refG	0.00018940408921960377	0.00018499934295868276	0.9994204401716497	0.00013507888533491121	6.974181579791611e-05	34
refC	0.0005026628546216111	0.00024059709536380502	0.00010586272196007421	0.999115301286592	3.4794041483381033e-05	34
refN	0.0	0.0	0.0	0.0	1.0	34
refA	0.9991237399985496	7.513808299940493e-05	0.00021400936140009085	0.0004676003915230825	0.00011874500616870243	35
refT	0.00016543654730902122	0.9988332412928793	0.000416830987345184	0.00040128081579655537	0.0001818506172770181	35
refG	0.00019310249630865857	0.0002283455374600487	0.9992814070314836	0.00016740444546910324	0.0001292244842217639	35
refC	0.00046720413830737546	0.00027658484987796625	0.00010166362049568491	0.9990999160520209	5.382191673300965e-05	35
refN	0.0	0.0	0.0	0.0	1.0	35
refA	0.9991616855509103	7.088012671185729e-05	0.00021468499917533698	0.0004648100617066026	8.72370790299782e-05	36
refT	0.00013543583813433252	0.9992377005838109	0.00024585486540308767	0.0003295317845051912	5.089627038169184e-05	36
refG	0.00016690452399491492	0.0001794039817390275	0.9994291107885555	0.0001470524440483832	7.720253312540118e-05	36
refC	0.000518282927922548	0.0002749922220698583	8.330863564046647e-05	0.9990871960241003	3.53877390331185e-05	36
refN	0.0	0.0	0.0	0.0	1.0	36
refA	0.9991637853594272	9.440858416795017e-05	0.00018814282130612928	0.00047339161489929303	7.957294951298658e-05	37
refT	0.00014139134384519062	0.9991872233994757	0.00023638865299117806	0.0003875006517257255	4.6835882648719394e-05	37
refG	0.00017669385992502608	0.00023094840612607144	0.9993543942640865	0.000154698773627305	8.284815838808276e-05	37
refC	0.0006063658057011696	0.00028543561097640424	9.539169382372059e-05	0.9989503301870382	6.137605106487449e-05	37
refN	0.0	0.0	0.0	0.0	1.0	37
refA	0.9991671986594455	8.334526380456342e-05	0.0001834940082148856	0.0004536939763554864	0.00011157511122223813	38
refT	0.00011593310140945236	0.999132345084198	0.00037332188998640816	0.000319248615075283	5.839913690401518e-05	38
refG	0.000183549132564491	0.000183549132564491	0.9993767241506484	0.00015037760258295647	0.00010541175083020968	38
refC	0.0005757975579321707	0.00032817477395097815	0.00013276161309835026	0.9988956670424933	6.638080654917513e-05	38
refN	0.0	0.0	0.0	0.0	1.0	38
refA	0.9989003875247191	0.00010766000968940088	0.00024802685776545517	0.0005199024518545119	0.00022281533650907648	39
refT	0.00021293961640877552	0.9986309445152831	0.0005089985197054835	0.0004901467226793545	0.00015509887553315238	39
refG	0.00020009975561346025	0.00040534913729050215	0.9989306781945253	0.00026115960751021467	0.00020157107734591214	39
refC	0.0006277342512335276	0.0003242797790732441	0.0002015592204790118	0.9986691303023465	0.000175527586837811	39
refN	0.0	0.0	0.0	0.0	1.0	39
refA	0.999015712321938	0.00010202362518131008	0.0002248547002351242	0.0005591163143159953	9.732516875848659e-05	40
refT	0.0002490112271008835	0.998871345772356	0.0003252571426556673	0.0004883264418190777	6.478699182978738e-05	40
refG	0.00021602096725959768	0.00018663035946917623	0.9992661662184986	0.0002387986882971743	9.184564934506704e-05	40
refC	0.0007139459151044045	0.00035807586061364054	0.00011617245580483616	0.998715307788695	9.484966328369534e-05	40
refN	0.0	0.0	0.0	0.0	1.0	40
refA	0.9990915888252649	0.00012092198986539368	0.0002707308995319647	0.00039769898889062806	0.00011823483453505158	41
refT	0.0001868686501540918	0.9988569574261592	0.0005255413524928577	0.00034850789445213916	8.081962214902369e-05	41
refG	0.00023180976243928836	0.00037281506379567076	0.9990778172940292	0.0002000651134428253	0.00011664312887072472	41
refC	0.000745106562892651	0.00038260217115566696	0.00021437631379928423	0.9985426511226059	0.00011314305450517778	41
refN	0.0	0.0	0.0	0.0	1.0	41
refA	0.9988353338027477	0.00013016547371032253	0.0002528345065263333	0.0006849020998893935	9.540924774578615e-05	42
refT	0.0003082520743062303	0.9986769889138587	0.00046003317866725107	0.0005060791316756506	4.689865584188843e-05	42
refG	0.00024009887641113497	0.00022384602939253508	0.9991977961204386	0.00025413542610901673	8.34805324137177e-05	42
refC	0.0007202280450730998	0.00038121011635421006	0.00017024917817760839	0.9986502512711801	7.624202327084202e-05	42
refN	0.0	0.0	0.0	0.0	1.0	42
refA	0.9989376787172689	0.00013943672924336803	0.00022189210278632127	0.0005832209348160106	0.00011664418696320211	43
refT	0.0002627884168462679	0.998703180185714	0.0004267578949117429	0.00045649102693428234	0.00014910291205420524	43
refG	0.0002439268516012797	0.00026172090764514205	0.9991444124866802	0.0002491167846140729	0.0001000915652467257	43
refC	0.00086825731208854	0.00035973832367862786	0.00017542794796673826	0.9984832490199683	0.0001110303468143913	43
refN	0.0	0.0	0.0	0.0	1.0	43
refA	0.9987444103792725	0.0001580916462632427	0.00022708927153914946	0.000783759432745737	8.507474184505009e-05	44
refT	0.000254544921138532	0.9987511722609053	0.00034773424819941825	0.0005927876638039711	5.220328043688537e-05	44
refG	0.0002597957514089639	0.00020694332060656724	0.9991640845421947	0.00030520417787299487	6.32740368761087e-05	44
refC	0.000934373353166965	0.0003797293307270546	0.0001980871508713966	0.9984135374147622	7.175987352322291e-05	44
refN	0.0	0.0	0.0	0.0	1.0	44
refA	0.9988649293266274	0.0001428335162604682	0.00024807926508397106	0.0006526603254963977	9.021064184871676e-05	45
refT	0.00029555997574369855	0.998648196411661	0.0004412166879277339	0.0005431339209428024	7.006809769785956e-05	45
refG	0.000228881272638942	0.00024881609315910793	0.9991095241015985	0.0003307703552975678	8.12159354525278e-05	45
refC	0.0009030382219288896	0.0003641882541112394	0.00017837792038101523	0.9984993769734756	5.2770134779383676e-05	45
refN	0.0	0.0	0.0	0.0	1.0	45
refA	0.9873942312537537	0.003504262813658757	0.003950113177400027	0.004871402767634626	0.00012306277008243189	46
refT	0.004479318694222433	0.9864069569054011	0.004715834444240644	0.004141000246608259	7.459680427290495e-05	46
refG	0.004353637239796948	0.0029852667176045677	0.9887034725115587	0.00375007489054885	8.136257158981725e-05	46
refC	0.0061145879561954565	0.0038133750406564903	0.004171226244199736	0.9856092290926854	8.742534579317386e-05	46
refN	0.0	0.0	0.0	0.0	1.0	46
refA	0.9985901995212355	0.00020584074809951625	0.0002679304163787146	0.0007707217519004838	0.00016332282308223912	47
refT	0.0002987020509721433	0.9985007872706753	0.00047723164149529124	0.0005853004008918699	0.00013573436180210275	47
refG	0.0002979107167481128	0.00027947564764241274	0.9989525294310441	0.0003303564383741449	0.00013863171967486436	47
refC	0.0010180694271140604	0.0005332744618216506	0.00024761835150320004	0.9980578011529143	0.00013947178232258554	47
refN	0.0	0.0	0.0	0.0	1.0	47
refA	0.9984629104595836	0.00019976723367380126	0.00026249278144851014	0.0009545192052673097	0.00011795130179374613	48
refT	0.00043426098349072224	0.9983672361319151	0.00042863247622713365	0.0007061611805317727	6.104765570507661e-05	48
refG	0.00028614092256541154	0.00028246301867639593	0.9989624913755715	0.0003810308429020133	8.679853178076751e-05	48
refC	0.0011157512193566898	0.0004611277464716684	0.00022611569561713647	0.9981252919946849	6.820539015336575e-05	48
refN	0.0	0.0	0.0	0.0	1.0	48
refA	0.9983703225607339	0.00022037526759853922	0.00027798096064861333	0.0010067599610960622	0.00012190972250131957	49
refT	0.000369217925685054	0.9983643688403627	0.0006075514130434302	0.0005637758745490346	9.241502571039077e-05	49
refG	0.00026520790009271195	0.0003738027784036553	0.9988536393253482	0.00039965870181102276	0.00010637865630459756	49
refC	0.0011763993465925035	0.0005590296957755965	0.0002532987921413865	0.9978916333588153	0.00011520294919549941	49
refN	0.0	0.0	0.0	0.0	1.0	49
refA	0.9705377606117613	0.0045011020287976196	0.004552985989309209	0.006950429255546025	0.012614540581006023	50
refT	0.0049652462721062815	0.971405075177626	0.00521477119035798	0.004718717364879903	0.012901251476605435	50
refG	0.005289806292225695	0.0033776853561306728	0.9730636376219282	0.0045499887805452435	0.013012345843580806	50
refC	0.00794322824644578	0.0051164592904877244	0.004633238135274995	0.9687436118372992	0.012616111461018415	50
refN	0.0	0.0	0.0	0.0	1.0	50
refA	0.9979288403836374	0.0002701578816339149	0.0002975156417993746	0.001324115592008251	0.0001750896650589423	51
refT	0.0003998376650508882	0.9979490447555709	0.0005631154253771352	0.0009775238091972948	0.00010628053690527361	51
refG	0.0002736410814707472	0.000356027643633983	0.998730225134619	0.0004935837786743855	0.0001449120780906914	51
refC	0.0013624487865900922	0.000629973574030125	0.0002618654998937574	0.9975962962712968	0.0001436519313702898	51
refN	0.0	0.0	0.0	0.0	1.0	51
refA	0.9977869589036643	0.0002918980059717467	0.00029460076528629994	0.0014067862232249458	0.00021486936550698022	52
refT	0.0005657109129663393	0.9977913998435154	0.0005346230841578176	0.000988242670715966	0.00011515632361466505	52
refG	0.00031323102593847703	0.0003279713095120524	0.9986509205179639	0.0005365463220781442	0.00016951326109611696	52
refC	0.001530059527133428	0.000634360446285976	0.0003015445783401646	0.9973415929837763	0.00018539407409061973	52
refN	0.0	0.0	0.0	0.0	1.0	52
refA	0.9976644219916945	0.0002983381956398176	0.0003333575775207894	0.0014775485355163877	0.0002208914857107453	53
refT	0.0004396047102110189	0.9980527911869745	0.000518707622667869	0.0008580288591630999	0.0001270833675536279	53
refG	0.0003430033904565903	0.00031881725395003585	0.9987649836541954	0.00043022006452568057	0.00014145225290196993	53
refC	0.0014577259475218659	0.000731112550840442	0.00029094530228317074	0.9973361723435593	0.00017696673025471211	53
refN	0.0	0.0	0.0	0.0	1.0	53
refA	0.980232916521433	0.002664163285578519	0.0027282942327857868	0.004584680481200422	0.00940678191589158	54
refT	0.002844782558557581	0.9806440683240014	0.00346079881155075	0.003064818646171796	0.009617993610050266	54
refG	0.0030308101783546276	0.0023496302690513837	0.9820354180676978	0.002769495471768469	0.009497615136287364	54
refC	0.004556363671587142	0.002981940705427922	0.002845585095959329	0.9797133026302386	0.009499440792978655	54
refN	0.0	0.0	0.0	0.0	1.0	54
refA	0.9976323358732402	0.00033561687052035383	0.00033024700059202815	0.0014981937100028596	0.00019801395360700876	55
refT	0.00067664016529041	0.9974334525923528	0.0007015070185602703	0.0010230310687337275	0.00015879885246016068	55
refG	0.0004218941644131164	0.00042558850911025403	0.9984007507073034	0.000576317772753469	0.0001728953318260407	55
refC	0.0015265602827085137	0.0007726111944270472	0.0003448757215703341	0.9971793134682542	0.00016870543955605088	55
refN	0.0	0.0	0.0	0.0	1.0	55
refA	0.9975005049655509	0.00033827516056277664	0.0003995959566010489	0.0015923191322905204	0.00016307288616771305	56
refT	0.0005802489422010434	0.9975222550910451	0.0006705384162456011	0.0011224136986676527	9.841980583056046e-05	56
refG	0.0003753294212083115	0.0004031859016886159	0.9984978955119673	0.0005769223720526194	0.00014441385933210423	56
refC	0.0016068262411347517	0.0007719654494920453	0.00031522546482652865	0.9971466158864413	0.000151248322790876	56
refN	0.0	0.0	0.0	0.0	1.0	56
refA	0.9973406389737349	0.00038036704051182626	0.00037626236021853315	0.0016753936730457958	0.00022028450907339578	57
refT	0.0006331494002348409	0.9973229660612631	0.0007640429126066228	0.0011153662161712751	0.00015732803278562711	57
refG	0.00038895201149488195	0.0004305472547504322	0.9984102899192646	0.0006064148621993375	0.00016127278525397543	57
refC	0.0016707137217513073	0.0008617992759992253	0.0004171197878647936	0.9968602849205507	0.00018025533689871437	57
refN	0.0	0.0	0.0	0.0	1.0	57
refA	0.9972394496553993	0.0003834657568413626	0.0003227781327151643	0.0018593087479542936	0.00018739804812595282	58
refT	0.0007840275216136423	0.9971435390415408	0.0006950035984174896	0.0012507420496568392	0.00011855166009784699	58
refG	0.0005233651427103287	0.0004501672206529401	0.9980836730113982	0.0007766299530288935	0.00016249938696740276	58
refC	0.0021095458643719304	0.0008843083805340771	0.00034168170618082636	0.9965100849557549	0.00014224194376250262	58
refN	0.0	0.0	0.0	0.0	1.0	58
refA	0.9964342700175273	0.000480489883730896	0.000453496070038149	0.002424719314950996	0.00019435545858777814	59
refT	0.0007198658187202708	0.9970301437622949	0.0007442173627363274	0.001386756348703857	0.00011022277817794057	59
refG	0.00045308983109777296	0.0004508939191538419	0.9981784729825158	0.0007561256793602577	0.0001581056599630355	59
refC	0.002026663767117909	0.0009740671607981008	0.0004228508605015011	0.9964102948832493	0.00015328343693179415	59
refN	0.0	0.0	0.0	0.0	1.0	59
refA	0.996689430111483	0.00041032575911969447	0.00041373378037484147	0.002266334134672731	0.00020925250506602359	60
refT	0.0008406239564538786	0.996705561966186	0.0007861827313291246	0.0015316417115806774	0.00012517195068053675	60
refG	0.0005042591629005572	0.0004925661968043124	0.9980551926940854	0.000771735762352157	0.00017247124991961085	60
refC	0.0021635125403043857	0.0009741782985348478	0.00045197689464231816	0.9962077439413516	0.000188261450330354	60
refN	0.0	0.0	0.0	0.0	1.0	60
refA	0.9961100439953084	0.0005209757963606597	0.00043202870917713243	0.002708539121002146	0.00021333925422214434	61
refT	0.0008209575086441997	0.996798585722723	0.0007880314053563307	0.0014434803681401757	0.0001387286485195546	61
refG	0.000564304645153042	0.0005305051481777295	0.9978535431632957	0.000858948086176961	0.0001881015483843473	61
refC	0.002416957850775836	0.0011128385687161134	0.0004440974701272165	0.995806189834496	0.0002024016850496329	61
refN	0.0	0.0	0.0	0.0	1.0	61
refA	0.9960982608154777	0.0005320384818719673	0.0005266507504099727	0.002493846200470753	0.00033403935064366553	62
refT	0.0007830450012861503	0.996668530385036	0.0009040173746025272	0.001354279168426298	0.0002790662330294758	62
refG	0.0005308564925290943	0.0005793164213076838	0.997658910381382	0.0009295495429347627	0.0002958992620874481	62
refC	0.0021758173443725453	0.0011481414831548905	0.0005391208389166422	0.9958273409229731	0.0002922406754403316	62
refN	0.0	0.0	0.0	0.0	1.0	62
refA	0.9961330234465787	0.000488234368839616	0.00047461555799332267	0.0026713297475004375	0.00021790097354069336	63
refT	0.0007409846863164828	0.996717435280128	0.0009708271584609473	0.0014412323673088534	0.00011878053131346397	63
refG	0.0005184477951669225	0.000618910804980032	0.997789337374456	0.00088803434221661	0.00018039343367901408	63
refC	0.0021598659002401675	0.0011500875439772282	0.0005485492179255436	0.9959437535828428	0.0001813570883753838	63
refN	0.0	0.0	0.0	0.0	1.0	63
refA	0.9961126432874539	0.000569277880451645	0.0005773718787519055	0.0024943004761969	0.0002313534514157752	64
refT	0.0009527617143391296	0.9959151640830557	0.001225731675794191	0.0016584461163001247	0.00023127840785661967	64
refG	0.0007146821232476614	0.0009225233529676446	0.9970450534267506	0.0010800451270712107	0.00022898998642833233	64
refC	0.0026225133484443592	0.0011901604487840973	0.0005913656162497762	0.9953583247873965	0.0002161901938802574	64
refN	0.0	0.0	0.0	0.0	1.0	64
refA	0.9890234236954336	0.002781546765348905	0.0029003292650892805	0.004929134360654892	0.0002463888423186072	65
refT	0.0032712876518603993	0.989087559180332	0.003725849000159291	0.003620518545282814	0.00017698969876784953	65
refG	0.0034059479876315728	0.002662872153471987	0.9902075677970441	0.0034022730329621386	0.0002263772076371438	65
refC	0.0053381259628050275	0.003479865746839023	0.0028532517693286596	0.9879249648639977	0.000259724795903939	65
refN	0.0	0.0	0.0	0.0	1.0	65
refA	0.9938820751803326	0.0007551448077143465	0.0006657825946966596	0.004399213066802006	0.00026058294177676636	66
refT	0.0011793984125263082	0.9950687850649219	0.0012231115804324432	0.0023137979757374776	0.00019070940900225552	66
refG	0.0006552427473047194	0.0007006338649951021	0.9971579291281061	0.0012145784556184685	0.00026356132852480333	66
refC	0.00307753960096623	0.001485708772880249	0.0007324648146018011	0.9944217666768654	0.00025157606094225996	66
refN	0.0	0.0	0.0	0.0	1.0	66
refA	0.987140570445633	0.003218688882988259	0.0031512958996761094	0.00607345565609091	0.0002527236874205605	67
refT	0.0029699278508308756	0.988908188378446	0.003727837445775132	0.004114180123473208	0.0001581875530732278	67
refG	0.003590653687642609	0.0029487285312516584	0.9894231950873456	0.0036989923764938946	0.00022773234595270243	67
refC	0.005724308426061445	0.0037299526074015374	0.003063942149714152	0.9871217824001167	0.00019627460508005724	67
refN	0.0	0.0	0.0	0.0	1.0	67
refA	0.9847139711672027	0.0037211104338910612	0.00342682344873298	0.007392273076723182	0.0005156771941760875	68
refT	0.0038254494191295764	0.9858532291665755	0.004499691349903091	0.005078599008954951	0.0005456916458275727	68
refG	0.00433160774536715	0.004025074425560208	0.9864698528704683	0.0044885236114588	0.0005043202952061838	68
refC	0.006824258138651571	0.004555675417936759	0.0035672426724556003	0.9842671634191996	0.0005419721121289953	68
refN	0.0	0.0	0.0	0.0	1.0	68
refA	0.9752994101152928	0.0034736898259667033	0.0028369492809824544	0.009716619680549115	0.008077918986905441	69
refT	0.003703678063841718	0.9781202884517604	0.0038122789042651143	0.005796948446185904	0.008098334383285681	69
refG	0.0039970988446352655	0.0033074918841926354	0.9796076986064814	0.0045490756936484794	0.008131099599052173	69
refC	0.007583983600295324	0.004497308140391678	0.002972299837161373	0.976415009380863	0.007987964165237582	69
refN	0.0	0.0	0.0	0.0	1.0	69
refA	0.9448351213164836	0.010002164767635987	0.008728101833886589	0.016025982573285427	0.01752456475101486	70
refT	0.009283845436710462	0.9495965868759733	0.009940596126188122	0.011153263055849901	0.017607110066992993	70
refG	0.011228533685601057	0.00849478937325701	0.9497407880720892	0.010444738000880669	0.01768604139145751	70
refC	0.014298375792039112	0.010486601514282589	0.008960716916097643	0.9458754447875198	0.01759980849340558	70
refN	0.0	0.0	0.0	0.0	1.0	70
refA	0.9535214205166094	0.001920069181943783	0.0014714675152264459	0.011849434687583395	0.029173296039941763	71
refT	0.0018743077101296352	0.9591156653058275	0.0026799997049700825	0.005562615544345383	0.02916153799095907	71
refG	0.0011493272428058587	0.0017515658940265868	0.9625656537145604	0.0028501550819676953	0.0303325327995788	71
refC	0.006500798924744787	0.0034271527244933877	0.0018345128047505322	0.9565579671035823	0.02987092918631729	71
refN	0.0	0.0	0.0	0.0	1.0	71
refA	0.9528616470527176	0.0099540708432461	0.009403361529650189	0.015722750903163274	0.009936172790554233	72
refT	0.00999103181199554	0.9559849970859582	0.011321838136853396	0.011001450618831597	0.009845038053783391	72
refG	0.012223962944307535	0.009201783480653007	0.9557978996674003	0.011084248918222047	0.00982098667506892	72
refC	0.015289141512261732	0.011281459196021183	0.009718352076556724	0.9515234145841804	0.009946305198145291	72
refN	0.0	0.0	0.0	0.0	1.0	72
refA	0.9884870923222495	0.001408233173198517	0.0012254596147996673	0.008263253274917734	0.00048492320475561964	73
refT	0.0015809485246186122	0.9908264914080027	0.0024223708888330216	0.004780222347305869	0.00030657853460799996	73
refG	0.0011874477434045505	0.0014928338047545348	0.9942380364146556	0.002623948197036273	0.0004247238183338374	73
refC	0.005326005027927147	0.0028031214180479097	0.0015030261223264048	0.9898412398057603	0.00042444506223955354	73
refN	0.0	0.0	0.0	0.0	1.0	73
refA	0.991396861241079	0.001140356138883516	0.0008249384834476497	0.005927560426406928	0.0006369010350147296	74
refT	0.001333502223231679	0.9936289157728072	0.0016750674831619683	0.002837350292208643	0.00048483048404427244	74
refG	0.0009372575343495307	0.0011870455093058916	0.9955630585957506	0.0016748320562708203	0.0006182068170748871	74
refC	0.00406186092360537	0.002258240162355582	0.0011818618744433326	0.991889017860486	0.0005437604601461468	74
refN	0.0	0.0	0.0	0.0	1.0	74
refA	0.9902520488119424	0.0012194476465829	0.0009231782352654086	0.00697848506657813	0.0005327350203504778	75
refT	0.0015834565905376023	0.992945556637404	0.0018188352729148133	0.003241151355479891	0.0003615835788651778	75
refG	0.0011452256991271207	0.0011714689360262781	0.9951669518541091	0.001989383152716685	0.0005037243527032721	75
refC	0.0046503043213857375	0.002306768604710161	0.0011287503373382524	0.9913330554372931	0.000506650802883424	75
refN	0.0	0.0	0.0	0.0	1.0	75
refA	0.9885655846317978	0.001453874097459281	0.0010541259052281016	0.008236828297065983	0.00056031931482488	76
refT	0.0017748720103835326	0.9917367807244236	0.001922335178910907	0.004179451605289366	0.000318839283302431	76
refG	0.001258995034733537	0.0016920251740686388	0.9938157321436693	0.002746169250631867	0.00044906829264380936	76
refC	0.005338366495352781	0.0028193201829156	0.0013815556405263223	0.9899020007739533	0.0004578067138574912	76
refN	0.0	0.0	0.0	0.0	1.0	76
refA	0.965792297512224	0.005431902847075595	0.004776281990935621	0.013253627768737309	0.009614427693424963	77
refT	0.005019135807826155	0.9714580019530239	0.005894783431254285	0.007199142576955454	0.009636896961702349	77
refG	0.005690540469006405	0.004902393261929549	0.9726397714681074	0.006397079149977355	0.009641569471647286	77
refC	0.009985007296251527	0.006705584948896595	0.0052003856748902965	0.967330610820458	0.009744886880309608	77
refN	0.0	0.0	0.0	0.0	1.0	77
refA	0.9846825879959196	0.001887745425599242	0.0013269280053185885	0.011172162790681865	0.0006994922732955059	78
refT	0.002055363835882099	0.9895859564971187	0.002509864735433444	0.005265001716466163	0.0004764786993362265	78
refG	0.001394125964767572	0.001698285512284216	0.9931394910825249	0.0030946208684381076	0.0006267306899192835	78
refC	0.006599966801858508	0.0033190796770085243	0.0016797378228188748	0.9876015728171511	0.0006478044423813938	78
refN	0.0	0.0	0.0	0.0	1.0	78
refA	0.9854003352936049	0.0018921041116800965	0.0012434207590660824	0.01058006544109469	0.0006739913273566553	79
refT	0.0021431958864150625	0.9905724712391505	0.002474764557353602	0.004258835127256145	0.00046268496842764005	79
refG	0.0015865078878542775	0.002205452771477129	0.9923033754696422	0.0032151158453583195	0.0006307624470333115	79
refC	0.006536168785952054	0.003421396485660356	0.0017265074034666917	0.9875239444525924	0.00063824890383692	79
refN	0.0	0.0	0.0	0.0	1.0	79
refA	0.9865954457683762	0.0017303672067245557	0.00129509266518803	0.008997238790003843	0.0012045501950687218	80
refT	0.0017735511037520828	0.9909009057566041	0.0023641510639993207	0.0038378052272255636	0.0010415398854174784	80
refG	0.0014112886958269426	0.002854852185113545	0.9915062090780442	0.00299935523764884	0.0011567579383155344	80
refC	0.005864288654055563	0.0033234650325683376	0.0016897102901516027	0.9877649790878549	0.0012096705911629993	80
refN	0.0	0.0	0.0	0.0	1.0	80
refA	0.9865732149093673	0.0016075443088268981	0.0013717170857161006	0.0094999854719619	0.0007696481579461274	81
refT	0.0020248080788170405	0.9900543274917727	0.0028568185258059636	0.004473761092006012	0.000492342511993974	81
refG	0.0014627831524997355	0.00192049982955013	0.9932089327572651	0.00275217764403014	0.0006097991042565446	81
refC	0.00608602777537664	0.003116268916279758	0.0017595857867663326	0.9883104168689288	0.0005926331813047306	81
refN	0.0	0.0	0.0	0.0	1.0	81
refA	0.9848874908189837	0.002035764069295708	0.0013946046936852779	0.010239282007805535	0.0012178706067294493	82
refT	0.002170918029343509	0.9893894013137742	0.003021293962862634	0.004499592094295568	0.0008073918451651098	82
refG	0.0020187226631306035	0.007012019243103614	0.9863394271550046	0.003366003801414572	0.0010797307490164774	82
refC	0.007268756229340957	0.004024181760709699	0.0021899410857443343	0.9852593584877577	0.001043632339254584	82
refN	0.0	0.0	0.0	0.0	1.0	82
refA	0.9777084572757954	0.0023692296796462057	0.0017899510185482755	0.016472359989283012	0.0011739245761811573	83
refT	0.0025770974433027734	0.9876126318706592	0.0032683659339769293	0.005514122277426489	0.0008762131307229429	83
refG	0.00158432838806589	0.0019087592701032578	0.99209196373125	0.0033468755342016343	0.0010060267037167703	83
refC	0.008214705999607242	0.004300410033945554	0.0022487637705404565	0.9839101084486745	0.0010712266024472102	83
refN	0.0	0.0	0.0	0.0	1.0	83
refA	0.9842700178546903	0.0022114709831479286	0.001557021606294613	0.010216306336395092	0.0015015827128008405	84
refT	0.0023231704319613476	0.9888031018266193	0.0028450388702009172	0.0047639697465536495	0.0011407368132755607	84
refG	0.0017780817975474184	0.00344553060809819	0.9896779858885962	0.0036385960167786132	0.0013543502264360776	84
refC	0.007741661922731568	0.003855792198036304	0.0022895600171368544	0.9845115256568131	0.0013652262710322606	84
refN	0.0	0.0	0.0	0.0	1.0	84
refA	0.9817338213019948	0.002030497538689661	0.0016684812011995966	0.012912361321693596	0.001327170595189591	85
refT	0.0025282869621273026	0.987281587429456	0.0035653161559894776	0.005607342753942023	0.0008577401483338797	85
