errmodel	readA	readT	readG	readC	readN	pos
refA	1.0	0.0	0.0	0.0	0.0	0
refT	0.0	1.0	0.0	0.0	0.0	0
refG	0.0	0.0	1.0	0.0	0.0	0
refC	0.0	0.0	0.0	1.0	0.0	0
refN	0.0	0.0	0.0	0.0	1.0	0
refA	0.9990152417784897	0.00011707907227844005	0.0005588357570327393	3.740025920005724e-05	0.0002704743382728777	1
refT	0.00023913532114868256	0.9992267009524658	5.314118247748501e-05	0.00019030288319639904	0.00029012213136356686	1
refG	0.0005147468002225932	0.00035146296459010633	0.9987052349272776	0.00013472746975954077	0.00029215358931552587	1
refC	0.00037283646921508896	0.0003006239320197454	6.357842948720465e-05	0.9989651921112596	0.000296699337606955	1
refN	0.0	0.0	0.0	0.0	1.0	1
refA	0.9994386947955523	5.8739620197160346e-05	0.00048823941191401165	1.4011285551616229e-05	0.0	2
refT	0.00015060909596975524	0.9996962989811838	3.551779133980622e-05	0.00011748192520089751	0.0	2
refG	0.0003509303347875394	0.0004661832447388155	0.9991104321244182	7.166366836713962e-05	0.0	2
refC	0.00016744358756128392	0.00019867658834991719	0.00012579958650977288	0.9995078381334306	0.0	2
refN	0.0	0.0	0.0	0.0	1.0	2
refA	0.9993678798349291	5.199548465379997e-05	0.0005627174881224333	1.7007868811990645e-05	0.0	3
refT	0.00023410798569426078	0.9995299508722847	8.416278824545739e-05	0.00015155751139986579	0.0	3
refG	0.00034075414327248364	0.0002006895567739781	0.9993844869800954	7.369069662794507e-05	0.0	3
refC	0.00016022797537435814	0.00025217087399521465	0.0001768959862354491	0.9994103576912275	0.0	3
refN	0.0	0.0	0.0	0.0	1.0	3
refA	0.9994189060035101	6.420177588973369e-05	0.0005052826789489728	1.1272067522625e-05	0.0	4
refT	0.00022460146079968392	0.999516667934086	8.045936476817946e-05	0.00017803774331682262	0.0	4
refG	0.0003514631967823941	0.00011733057095592704	0.9994653845767416	6.500747850260823e-05	5.285160853870587e-07	4
refC	0.00015136720709728725	0.00019551597583399605	0.0001410467157042904	0.9995118319095575	0.0	4
refN	0.0	0.0	0.0	0.0	1.0	4
refA	0.9994495915162169	5.424253421119835e-05	0.0004747421799546475	1.8240852212615372e-05	2.880134559886638e-06	5
refT	0.00016272811173239613	0.9994409989802912	0.000205498539456722	0.00018745476526052204	3.0072956993666634e-06	5
refG	0.0002883594331677428	0.00013019402979002145	0.9995247694826703	5.390846545993075e-05	2.5428521443363562e-06	5
refC	0.0001387007328420617	0.00021044249120864535	0.00011179757345459285	0.9995346578239691	4.1849359047173795e-06	5
refN	0.0	0.0	0.0	0.0	1.0	5
refA	0.9997839634151502	5.175795392845359e-05	0.00014332971857110223	1.493017901782315e-05	5.97207160712926e-06	6
refT	4.93516856728581e-05	0.9996787633361888	0.00014214675662111947	0.00011573317837367428	1.3901883288129043e-05	6
refG	0.00013198604453807205	0.0001232213462679657	0.9996807599872097	5.6712753512452834e-05	7.217986810675815e-06	6
refC	0.00012485631939998873	0.00014730855227454808	4.928538923683765e-05	0.9996746105872074	3.83330805175404e-06	6
refN	0.0	0.0	0.0	0.0	1.0	6
refA	0.999803363599155	4.271753418859015e-05	0.00013786113306317728	1.6019075320721306e-05	0.0	7
refT	6.254546775973316e-05	0.9994266291598229	0.0003469701088570672	0.00016352669782991686	0.0	7
refG	0.00014962637262848648	9.906297774023933e-05	0.9997099503044747	4.127624072509972e-05	0.0	7
refC	0.00012579482692965565	0.0001616548907150326	5.976677297562825e-05	0.9996526629082136	0.0	7
refN	0.0	0.0	0.0	0.0	1.0	7
refA	0.9998207780875259	3.0354555900607435e-05	0.00013610591194143334	1.2729329893803118e-05	0.0	8
refT	7.224265615464547e-05	0.9995369708786696	0.0002526843589701298	0.00013788780946411784	0.0	8
refG	0.0001429826389530083	0.00011660207826057136	0.9997070900051721	3.323950647247057e-05	0.0	8
refC	0.0001776147530332117	0.0001327854703187589	5.504354966204963e-05	0.9996332868792203	1.134918549732982e-06	8
refN	0.0	0.0	0.0	0.0	1.0	8
refA	0.9997904498507943	3.557653253325665e-05	0.0001600943963996549	1.3835318207377584e-05	0.0	9
refT	8.863731939735814e-05	0.9993781674697164	0.00036833730505124386	0.0001644714704373201	0.0	9
refG	0.0001524095738971772	9.820757754642052e-05	0.9996977728056722	5.151872920467962e-05	0.0	9
refC	0.00015647591560844453	0.00015647591560844453	6.001047659535328e-05	0.999626898539406	0.0	9
refN	0.0	0.0	0.0	0.0	1.0	9
refA	0.9997705140628124	5.4377119634433116e-05	0.0001636083511807944	1.1447814659880656e-05	0.0	10
refT	0.00011936472388736802	0.9994504783610748	0.0002845569756957791	0.00014529813116051643	0.0	10
refG	0.00012567980742644657	0.00010054384594115726	0.999731989536358	4.1714999911756734e-05	0.0	10
refC	0.00019033331349524953	0.00015159290455373856	5.333824419483394e-05	0.9996045792419829	0.0	10
refN	0.0	0.0	0.0	0.0	1.0	10
refA	0.9997971061231823	3.969910018600481e-05	0.00014862955801345703	1.4524061043660295e-05	0.0	11
refT	8.376666039818431e-05	0.9994287822391332	0.0003397764136633179	0.000147348583351023	0.0	11
refG	0.0001225219147152002	0.00011986992521920019	0.9997066039057227	5.091819832320008e-05	0.0	11
refC	0.00019601556923664224	0.00013201048540426925	4.571791702312355e-05	0.9996261162915538	0.0	11
refN	0.0	0.0	0.0	0.0	1.0	11
refA	0.9997707196690474	4.1901851075891644e-05	0.00017204407088807275	1.52818515688546e-05	0.0	12
refT	7.78298759164635e-05	0.9994120891057672	0.00034438885008529556	0.00016534673209720783	0.0	12
refG	0.00014987617880814837	9.547272600234362e-05	0.9996916186977239	6.29373277557349e-05	0.0	12
refC	0.0001749523226883443	0.0001598122178403145	5.943893014411698e-05	0.9996056410716689	0.0	12
refN	0.0	0.0	0.0	0.0	1.0	12
refA	0.9997777263740271	3.806839081581037e-05	0.00016940433913035616	1.379979167073126e-05	9.517097703952594e-07	13
refT	0.0001066681311532198	0.9993430139841146	0.00041857560376626514	0.0001309588936930619	3.5204003680930625e-07	13
refG	0.00012824491295178623	0.00011874528977017245	0.999719682560296	3.0609896918533345e-05	2.6387842171149435e-06	13
refC	0.00016614799760474695	0.00015083743127256892	6.294343936562085e-05	0.9996153867972158	4.536464098423125e-06	13
refN	0.0	0.0	0.0	0.0	1.0	13
refA	0.999795053444494	3.790974313989607e-05	0.0001482798813952897	1.727532598780074e-05	1.439610498983395e-06	14
refT	8.232349286434134e-05	0.9994328610438665	0.00033098092827835596	0.0001481148088829748	5.398261827169924e-06	14
refG	0.0001236281920416266	0.00011049953447968395	0.9997192961720862	4.485624666997071e-05	1.641082195242831e-06	14
refC	0.00015559465761166776	0.00014186571723416767	4.633517377406283e-05	0.9996526516072731	3.4322350943750242e-06	14
refN	0.0	0.0	0.0	0.0	1.0	14
refA	0.9997824090343372	3.617468109293127e-05	0.0001689803596258844	1.238858941538742e-05	0.0	15
refT	6.192120409630521e-05	0.9993767179191422	0.000408345237824283	0.00015262740036710905	0.0	15
refG	0.00013697313669587655	9.334056492581911e-05	0.9997359256083655	3.369097313890512e-05	0.0	15
refC	0.00016728171700648806	0.00016728171700648806	4.490784349167465e-05	0.9996203846693809	0.0	15
refN	0.0	0.0	0.0	0.0	1.0	15
refA	0.9997521097046413	4.026619791699123e-05	0.00019461995659879097	1.150462797628321e-05	1.4380784970354012e-06	16
refT	8.163147709756883e-05	0.9992620285907287	0.0005206579085466784	0.0001341088552317202	1.0289681987088508e-06	16
refG	0.00012451489927731992	0.0001102532808578912	0.9997207234196183	4.168780768756085e-05	2.742618926813214e-06	16
refC	0.0001738762605316281	0.00014651212772665055	6.441972931171795e-05	0.9996127616425294	2.2803444004147947e-06	16
refN	0.0	0.0	0.0	0.0	1.0	16
refA	0.9997558295690392	2.7761623384859863e-05	0.0001794932546434905	1.8667298482923012e-05	1.8188649803873703e-05	17
refT	8.742513584913619e-05	0.9992200497928927	0.0004966564137733029	0.00017314939356891175	2.2111415681688142e-05	17
refG	0.00014657463227410542	9.174486242342154e-05	0.9996948145074974	4.560099670749946e-05	2.1171891328481893e-05	17
refC	0.00016997810248538787	0.00013005036029083367	5.9321216974766235e-05	0.9996251091291919	1.540070056075662e-05	17
refN	0.0	0.0	0.0	0.0	1.0	17
refA	0.9997583684722352	4.405739936596947e-05	0.00016979424699469132	2.029610532589605e-05	7.425404387522945e-06	18
refT	9.237618662399512e-05	0.9992725107189114	0.0004354399231804987	0.00018910342551651174	1.0040889850434251e-05	18
refG	0.00014448261162798264	9.926286295052243e-05	0.9997070887824381	3.58449227321331e-05	1.323504839340299e-05	18
refC	0.00016704095195759356	0.00014671030977854435	6.923407877189734e-05	0.9996080694810906	8.791629050399661e-06	18
refN	0.0	0.0	0.0	0.0	1.0	18
refA	0.9997858183788091	3.3760141908345076e-05	0.00017265901147410766	7.234316123216801e-06	4.822877415477867e-07	19
refT	7.020071611546041e-05	0.9993708650145707	0.000444036568439053	0.00011450213890677039	0.0	19
refG	0.0001380695914227256	0.00011306486226742885	0.9997042044295387	4.348648548747263e-05	1.0871621371868158e-06	19
refC	0.00017379458041222952	0.00012950499379104846	5.8305278589909264e-05	0.9996382643418374	0.0	19
refN	0.0	0.0	0.0	0.0	1.0	19
refA	0.9997743027723466	3.922178174385852e-05	0.00017431902997270456	1.2105488192548927e-05	0.0	20
refT	5.513840590784194e-05	0.9993501701035334	0.00044655301574746066	0.00014771647014816914	0.0	20
refG	0.00014319455796322635	0.00010297136752411783	0.9997129922250398	4.07594996449633e-05	0.0	20
refC	0.000148515746057274	0.00015246863663674517	5.8728660037857395e-05	0.9996401575172338	0.0	20
refN	0.0	0.0	0.0	0.0	1.0	20
refA	0.9997561052677313	4.639780291595383e-05	0.00017670652599905822	2.0730933217766606e-05	0.0	21
refT	0.00011661315195296871	0.9993239912682206	0.00042758155716088526	0.00013135734357920612	0.0	21
refG	0.00014635875260838056	9.338562200012342e-05	0.9997246823878122	3.5497458655017675e-05	0.0	21
refC	0.00017505961752530168	0.00014449365256056647	5.224001284882018e-05	0.9996280684354079	0.0	21
refN	0.0	0.0	0.0	0.0	1.0	21
refA	0.9998108271378819	2.8875890460272067e-05	0.00014582324682437396	1.4437945230136034e-05	0.0	22
refT	6.058257850406896e-05	0.9990019594212393	0.0007471851348835172	0.00018927777351836233	0.0	22
refG	0.0001285619458791862	0.00014846484126634056	0.9996782226699125	4.464703559821111e-05	0.0	22
refC	0.0001659722831951647	0.00013368415984320434	0.00010536124462218648	0.9995948182065464	0.0	22
refN	0.0	0.0	0.0	0.0	1.0	22
refA	0.9997878371309351	4.281278019869995e-05	0.00015033123956134414	1.5568283708618163e-05	3.4055620612602233e-06	23
refT	9.133949880567707e-05	0.9994870899079796	0.0002682887123591105	0.00015133370835331735	1.6852306052707947e-06	23
refG	0.00012113999674469612	0.00010619761829160585	0.9997128104169747	5.6567575572413165e-05	3.201938239947915e-06	23
refC	0.00017481595605413447	0.00013927959777427763	5.5024038626875116e-05	0.9996250081706936	5.731670690299491e-06	23
refN	0.0	0.0	0.0	0.0	1.0	23
refA	0.9997936086830506	3.2581378162676844e-05	0.0001510591169360472	1.7771660816005553e-05	4.936572448890431e-06	24
refT	7.131542813865728e-05	0.9996322387915728	0.00018448263335399138	0.00011015387726581337	1.6740710830670723e-06	24
refG	0.00014921227897250465	8.767582815537681e-05	0.9997270957926451	2.613937733824899e-05	9.80226650184337e-06	24
refC	0.0001644926042235699	0.00016004685816347342	5.946185355379047e-05	0.9996130704361909	2.7785912875603024e-06	24
refN	0.0	0.0	0.0	0.0	1.0	24
refA	0.9996097155265198	4.340160566651363e-05	0.00017023074222532572	2.0736322707334294e-05	0.00015576354033648783	25
refT	6.263695272274785e-05	0.9993995146397631	0.00021205582877086704	0.0001459196049462897	0.00017951260752385278	25
refG	0.00014288217612250126	8.087670346556674e-05	0.9995997697867183	3.127232534001914e-05	0.00014503888821491636	25
refC	0.00016102597191279148	0.00014920238656255155	4.729434140095974e-05	0.9994659645339611	0.00017622772450595712	25
refN	0.0	0.0	0.0	0.0	1.0	25
refA	0.9997626704613295	3.571328979573466e-05	0.00016486820083784357	3.5224066647847885e-05	1.4676694436603284e-06	26
refT	9.237735183086396e-05	0.9993822759767438	0.0003764032395496397	0.00014821739286295337	3.446916113091939e-07	26
refG	0.00014270827287312757	8.892642376795635e-05	0.9997267561642318	4.1534497328746076e-05	0.0	26
refC	0.00019701611172851633	0.00015682029582988224	6.227520773027815e-05	0.9995831485537351	5.661382520934377e-07	26
refN	0.0	0.0	0.0	0.0	1.0	26
refA	0.9997300587728918	4.803161966087696e-05	0.0001995540486941589	2.1787538815243155e-05	4.951713367100718e-07	27
refT	8.750180301566761e-05	0.9987583957158492	0.0010004600680736683	0.0001510773317692386	1.0254117540898548e-06	27
refG	0.00014800972178963986	0.00014588008550489684	0.9996575437310797	4.844922547790369e-05	0.0	27
refC	0.00016895428927854857	0.0001390410708489039	0.00013017789501789808	0.9995610802303221	5.539484894378642e-07	27
refN	0.0	0.0	0.0	0.0	1.0	27
refA	0.9997135324106248	4.435601098679107e-05	0.00020972679107884908	3.23027471316848e-05	0.0	28
refT	8.35752725805752e-05	0.9986238775085015	0.001125621392730785	0.0001650347154755662	0.0	28
refG	0.00015861146987515012	0.00019098115760477258	0.9996006144061622	4.9633521185421125e-05	0.0	28
refC	0.00019736296542001823	0.00014981894573900544	0.00012328274870774248	0.9995293138989568	0.0	28
refN	0.0	0.0	0.0	0.0	1.0	28
refA	0.999690366115376	4.657625697673516e-05	0.00023482196225770643	2.8139821923444157e-05	0.0	29
refT	9.453480036834567e-05	0.9988162352467743	0.0009456880569221918	0.00014214225379125355	0.0	29
refG	0.00014006594115656697	0.0001568528704337585	0.9996573243380534	4.563946397236452e-05	0.0	29
refC	0.0001884589547149544	0.0001545023862978455	0.00011828204665292935	0.9995385437686989	0.0	29
refN	0.0	0.0	0.0	0.0	1.0	29
refA	0.9996862989971975	4.2110937052571295e-05	0.0002487022400045975	2.2789448287273877e-05	0.0	30
refT	0.00010470421060504076	0.9982980444878503	0.0014203058178826632	0.00017405375269409373	0.0	30
refG	0.00015212571410075902	0.00025084559240018774	0.9995363951402985	6.0418723330797904e-05	0.0	30
refC	0.00018393963234234934	0.00014792735492592552	0.00017341296663601007	0.9994944646091968	0.0	30
refN	0.0	0.0	0.0	0.0	1.0	30
refA	0.9996795777233097	4.3746232963272606e-05	0.00023817393502226198	3.83994711566504e-05	0.0	31
refT	8.664248828841608e-05	0.9983920871793185	0.0013646191905425532	0.0001540699086096431	0.0	31
refG	0.00014344311835668986	0.0001971671327224913	0.9996012088424147	5.802193551506556e-05	0.0	31
refC	0.000166173536473976	0.00014777176901209274	0.0001706345710101901	0.999515185192004	0.0	31
refN	0.0	0.0	0.0	0.0	1.0	31
refA	0.9995960989160535	3.7759670348395895e-05	0.0003388688364599631	2.710950691679705e-05	0.0	32
refT	9.638530824402958e-05	0.9978388047130735	0.0018836740276611966	0.00017647525861946422	0.0	32
refG	0.00012964661063343655	0.0002818632789884835	0.9995026866474254	8.555626531680225e-05	0.0	32
refC	0.00018275476127233638	0.00017707914756822656	0.0002690240895748057	0.9993707462903563	0.0	32
refN	0.0	0.0	0.0	0.0	1.0	32
refA	0.9997023775625367	4.4060758300502294e-05	0.00022822482670260176	2.524829970028783e-05	0.0	33
refT	0.0001030911700201351	0.9986839429111265	0.0010295507606631314	0.0001816854283523173	0.0	33
refG	0.00015781801663273935	0.00024205871470021507	0.9995295237201125	7.037830471459998e-05	0.0	33
refC	0.00019761041690788126	0.00016309817508171608	0.0002104133453272651	0.9994285516960207	0.0	33
refN	0.0	0.0	0.0	0.0	1.0	33
refA	0.9996908011400617	3.779005685465605e-05	0.00024030600256294104	2.9553762411974604e-05	1.4534637251790788e-06	34
refT	8.727787606680687e-05	0.9985161639233169	0.0012187607793392751	0.00017525119337717394	3.4772062178010704e-07	34
refG	0.00016374783047459136	0.00024428829432365746	0.9995005064309797	9.067469439961084e-05	5.333805552918285e-07	34
refC	0.00017396807094744476	0.0001717160570840474	0.00022126036207878897	0.9994327339015008	0.0	34
refN	0.0	0.0	0.0	0.0	1.0	34
refA	0.9996823236651221	3.3325818687942915e-05	0.00024896346902169116	3.528616096370426e-05	0.0	35
refT	7.670896986918766e-05	0.9986331857250281	0.001155344747942063	0.00013222204016925766	6.728857006069092e-07	35
refG	0.00014315217964867112	0.0002607041519879083	0.9995201578147631	7.575571550750843e-05	0.0	35
refC	0.00017335708287099995	0.0001653206618107549	0.00019344813552161252	0.9994658668836893	1.7220902271953637e-06	35
refN	0.0	0.0	0.0	0.0	1.0	35
refA	0.9997221324492033	3.23590923324384e-05	0.0002150635059632829	2.8874267004329645e-05	1.4934965691894645e-06	36
refT	9.408112549974136e-05	0.9985847152002485	0.0011572323055975512	0.0001616265489354531	3.4461950732505994e-07	36
refG	0.00015929794590326433	0.00022439311981057835	0.9995430666317922	7.250438069351234e-05	5.292290561570243e-07	36
refC	0.0001645638446561783	0.00016400788572152906	0.00022849912214084218	0.9994426186465757	0.0	36
refN	0.0	0.0	0.0	0.0	1.0	36
refA	0.999705196997485	3.5502106782555915e-05	0.00023100685920156248	2.8207153334085523e-05	0.0	37
refT	8.301805418770968e-05	0.9985227865861295	0.0011987669235403722	0.00018773792337054677	5.511572062254585e-06	37
refG	0.00014582053688184287	0.00028429759348906055	0.9995072195743511	6.189504802898367e-05	5.245343053303701e-07	37
refC	0.0001827132866499943	0.00016234895748776584	0.00022400762078451315	0.999430039789675	5.656758100619019e-07	37
refN	0.0	0.0	0.0	0.0	1.0	37
refA	0.9996938434705162	3.953921680133594e-05	0.00022649625426938118	3.6610385927162904e-05	3.416969353201871e-06	38
refT	8.399745958902706e-05	0.9986179391633369	0.0011032349265534408	0.00018745774518038968	5.463249404164362e-06	38
refG	0.00013153311846083102	0.0002604355745524454	0.9995294162234547	7.41846788119087e-05	4.209059790746593e-06	38
refC	0.0002316981304357751	0.00017520031045266737	0.00021400689387540803	0.9993769947161614	1.7120551510032644e-06	38
refN	0.0	0.0	0.0	0.0	1.0	38
refA	0.9996678006466219	3.7726108452633875e-05	0.0002581260052022318	3.5740523797232096e-05	4.963961638504457e-07	39
refT	0.00013797696892463234	0.9984930786517459	0.001226350042534506	0.00013999123124469997	3.357103866779376e-07	39
refG	0.00016775186650327565	0.0003049074806254507	0.9994178049292868	0.00010866944811218485	5.275215927775964e-07	39
refC	0.00017162766904631115	0.00016107451140268684	0.00021272944092147952	0.9994531586479014	1.1108586993288748e-06	39
refN	0.0	0.0	0.0	0.0	1.0	39
refA	0.9996569501324982	4.8164638293199344e-05	0.00024804788720997665	4.2384881698015426e-05	4.3348174463879415e-06	40
refT	9.354487789240237e-05	0.998527393222851	0.0012216890981678167	0.00014364569264376393	1.1561726481083439e-05	40
refG	0.00015370981283445136	0.0002538862080955248	0.9994951530449908	9.169585386331063e-05	5.30033837360177e-06	40
refC	0.00018456628029318408	0.0001337276641645226	0.00021993227412181817	0.9994603775587835	1.105187307144815e-06	40
refN	0.0	0.0	0.0	0.0	1.0	40
refA	0.9996518298330432	4.702054555466793e-05	0.00024722142508124375	5.332226815477806e-05	4.847478923161642e-07	41
refT	8.607531015803427e-05	0.9985965244374436	0.0011577973091845394	0.00015763596017177257	0.0	41
refG	0.00017016701813312468	0.000293153772671707	0.9994637660174045	7.262579901631801e-05	0.0	41
refC	0.0002265334407185322	0.0001536784648090545	0.0002458855436944872	0.9993735103071792	0.0	41
refN	0.0	0.0	0.0	0.0	1.0	41
refA	0.9996564044134928	5.15464173009602e-05	0.00022799376883117013	5.798971946358023e-05	5.947663534726177e-06	42
refT	7.208131876393989e-05	0.99843210485519	0.0013285035400894566	0.00016244163223835259	2.414206848553011e-06	42
refG	0.00014066564881635388	0.00033401506123433846	0.9994254170207293	9.799180029903305e-05	1.58051290804892e-06	42
refC	0.0002013693113169553	0.00014922409020457568	0.00025739768719302273	0.9993905282088856	1.109472789625098e-06	42
refN	0.0	0.0	0.0	0.0	1.0	42
refA	0.9996588028383732	4.6445043176957066e-05	0.0002491583045430509	4.547743811077046e-05	0.0	43
refT	0.00010128261909089145	0.9986628365745294	0.0010294125431642173	0.00020468264485267262	0.0	43
refG	0.00016677409085831492	0.0002228899013043517	0.9995445728350288	6.555585332480932e-05	0.0	43
refC	0.00015971036188455978	0.0001625221640304147	0.00018726602291393806	0.9994902417300723	0.0	43
refN	0.0	0.0	0.0	0.0	1.0	43
refA	0.9996761854940753	4.727801644599572e-05	0.00023687251096922345	3.955915661807805e-05	0.0	44
refT	5.47784059415398e-05	0.9986829010595413	0.0010959104838679306	0.00016467758286175402	0.0	44
refG	0.000143335078128235	0.0002617192352489624	0.9995310213695981	6.370447916810444e-05	0.0	44
refC	0.00020070886722652276	0.00016307595462154974	0.00022864845385748759	0.9994072155390544	0.0	44
refN	0.0	0.0	0.0	0.0	1.0	44
refA	0.9996773224493998	4.897971299867161e-05	0.0002280772494180567	4.551650096846251e-05	0.0	45
refT	9.165300173542967e-05	0.998603998457016	0.0011310511735901211	0.00017101918802081984	3.3207609324431036e-07	45
refG	0.00014860590087933148	0.00026738409405528457	0.9994953376015586	8.362410909697147e-05	4.7937387380429506e-06	45
refC	0.00019406614867363038	0.00018123993769807433	0.00023254478160029845	0.9993912210843965	5.576613467633057e-07	45
refN	0.0	0.0	0.0	0.0	1.0	45
refA	0.999620821481974	4.287283041554491e-05	0.000279160588955764	5.407822927415324e-05	2.9231475283326074e-06	46
refT	6.23906621270704e-05	0.998343732522865	0.0013955063918704616	0.00019351679947887936	2.114937699222725e-06	46
refG	0.00015537889381894276	0.0003356820470559412	0.9993844694206	0.00012356069030653127	5.303033918735248e-07	46
refC	0.00017314725478089635	0.00017648771628792328	0.00032680848410413557	0.9993208686641336	2.2269743380179595e-06	46
refN	0.0	0.0	0.0	0.0	1.0	46
refA	0.9995836166039088	4.624556590212199e-05	0.00029499803091248344	6.523058769351944e-05	9.73590861097305e-06	47
refT	7.778555633341112e-05	0.9982533774934419	0.0014636880354702137	0.0001968946894689469	5.208854218755209e-06	47
refG	0.00016287251765782933	0.0003550195074436999	0.9993459533794716	0.00012614636171537762	9.58073633281349e-06	47
refC	0.00020845451152719826	0.00017091028498869752	0.00029699164276724484	0.9993175745579235	5.60361590126877e-06	47
refN	0.0	0.0	0.0	0.0	1.0	47
refA	0.9996003327119564	4.7665730551030584e-05	0.00028058899118183986	7.076149690049901e-05	4.913992840312431e-07	48
refT	0.0001274025832586156	0.998293597319157	0.0013877292133438453	0.00018836403438773813	0.0	48
refG	0.0001525557110358479	0.00037709193361677896	0.999339384407322	0.0001283831511886185	2.148671986420393e-06	48
refC	0.00019309003988308065	0.0001825477675906136	0.0002851962083330559	0.9993381734030102	5.54856436445634e-07	48
refN	0.0	0.0	0.0	0.0	1.0	48
refA	0.9996903181765013	4.600658085800356e-05	0.0002075088490782869	5.607052042069184e-05	0.0	49
refT	0.00010247474779054023	0.9989244226987497	0.0007544920413595029	0.00021745488853179044	0.0	49
refG	0.00012646782393733249	0.00016592146131949177	0.9996015216789508	0.00010593031406716738	0.0	49
refC	0.00019918573763165367	0.00016794091604237468	0.0001495287890344067	0.9994830774864615	0.0	49
refN	0.0	0.0	0.0	0.0	1.0	49
refA	0.9996680783100891	6.685026906013401e-05	0.00019567122549718057	6.929005990174475e-05	0.0	50
refT	0.00013209432876132735	0.9989260004222161	0.0007084145093215347	0.0002323385021106595	0.0	50
refG	0.000163050254646133	0.00015985319082954214	0.9995746096323732	0.00010230604213090698	0.0	50
refC	0.00021348137728897904	0.0001885657788785942	0.0001545899628644331	0.9994430528635185	0.0	50
refN	0.0	0.0	0.0	0.0	1.0	50
refA	0.9996864025325222	4.994229439845248e-05	0.00017900109477465145	7.812754965302468e-05	6.428216110691904e-06	51
refT	0.00011287443086908637	0.9991523899861695	0.0004992522903824974	0.00023342966620559577	1.335792081290963e-06	51
refG	0.00016306419543324018	0.00014381727400505445	0.9996010018810675	8.661114642683577e-05	5.346367063384924e-06	51
refC	0.0001872724542720005	0.0001601234890077164	0.00010139307435436713	0.9995438001722806	7.20278670276925e-06	51
refN	0.0	0.0	0.0	0.0	1.0	51
refA	0.9996823091365269	5.0989215052599015e-05	0.0001908453477682992	7.478418207714523e-05	9.71223143859029e-07	52
refT	0.00010374360189374132	0.9989369010419773	0.0007535430542957562	0.00020328138208908773	1.4019405661316394e-06	52
refG	0.00015228898357523237	0.00015549506743997408	0.9995734089436579	0.00011595336644149272	2.671736553951445e-06	52
refC	0.00021715947649054776	0.00017948895505851396	0.00018558271587840178	0.9994146565347556	2.7698912817671907e-06	52
refN	0.0	0.0	0.0	0.0	1.0	52
refA	0.9996185120316932	4.8578661240106345e-05	0.00023803544007652112	8.161215088337867e-05	1.3116238534828714e-05	53
refT	0.0001039140150705985	0.9987825553035083	0.0008432366796712501	0.0002579111783883379	1.0902454040193941e-05	53
refG	0.00015984152245853312	0.0002184500806933286	0.9994530429947656	0.000157710302159086	1.065610149723554e-05	53
refC	0.00029181606866733974	0.00018951273424947925	0.0001671513496772693	0.9993455014130457	5.590346143052485e-06	53
refN	0.0	0.0	0.0	0.0	1.0	53
refA	0.9996240302299226	4.4416091901286944e-05	0.0002167114813645209	0.0001064033849942918	8.297511673866792e-06	54
refT	0.00010525045494252023	0.9987391780594327	0.0008502316881350168	0.00029620974941478004	7.542377878617084e-06	54
refG	0.0001653807015266201	0.00019770266273703445	0.9994696387021456	0.00016214850540557867	4.848294181562153e-06	54
refC	0.00024248032906137867	0.0001779672139900027	0.00018686557468950283	0.9993878632197059	4.4491803497500675e-06	54
refN	0.0	0.0	0.0	0.0	1.0	54
refA	0.9992792877803411	6.109855196431844e-05	0.00030501166886124324	0.00012700801353212652	0.00022707493328471108	55
refT	0.00014122720269017254	0.997911861956866	0.001415014302682117	0.00025708835441172186	0.0002704569488411314	55
refG	0.0001760406525097064	0.00033544331652001977	0.9990383664908865	0.00020985333881492438	0.00023937235066868613	55
refC	0.00026700476074526235	0.00019815447652793053	0.00037447837513329246	0.9989319609835149	0.00022726191375802202	55
refN	0.0	0.0	0.0	0.0	1.0	55
refA	0.9992965539975748	6.421663063672505e-05	0.00038137815752192436	0.0001151977725162625	0.00014215895331794095	56
refT	0.00015619030876322292	0.9976947789776583	0.0017857082486739037	0.00025118917621444725	0.00010683146659995334	56
refG	0.00015851355635501522	0.0004219959560488031	0.9989784270323597	0.0002889293920183388	0.00015109151692702121	56
refC	0.00026732448044684696	0.0002125312639577417	0.0004831765454039284	0.9988746438588578	0.00016105884846797614	56
refN	0.0	0.0	0.0	0.0	1.0	56
refA	0.9992795813905947	6.924003901013262e-05	0.0003678070157346761	0.00013897114212672008	0.00014388178319126848	57
refT	0.00010870863862053253	0.9975461387197585	0.0019119522543323691	0.0003309882830842412	9.620540861944891e-05	57
refG	0.00018926640873120597	0.0005080870071009557	0.9987968457501806	0.0004190518232752899	8.530317013237453e-05	57
refC	0.0002778099060814359	0.00023685784821285774	0.0004908712882355252	0.9989135914638538	7.969049098750353e-05	57
refN	0.0	0.0	0.0	0.0	1.0	57
refA	0.9990783053062255	8.07591937651991e-05	0.0004272113563673846	0.00016199625258226326	0.0002508791522291688	58
refT	0.0001362422408274469	0.9971015181982921	0.002156873916476075	0.0003644922287071956	0.00023249649928216263	58
refG	0.0002006159336003944	0.000776319636671739	0.9983919573283512	0.0004076345033795248	0.0002208909481663917	58
refC	0.00030973855456475777	0.00026832662327679567	0.0005911127726309114	0.9986025244316791	0.00022634740525886144	58
refN	0.0	0.0	0.0	0.0	1.0	58
refA	0.9991342778783193	8.358168919565745e-05	0.000358623759455786	0.00017396653913979862	0.00024880130737311984	59
refT	0.00016560653647983495	0.9974171314098483	0.0019490094426205524	0.00032410113581022914	0.0001374974515558548	59
refG	0.00018305665577119078	0.0006404345248018029	0.9986423795230684	0.0003344608638586022	0.00019782779802362117	59
refC	0.0002866404665242869	0.00022852241917782712	0.0005394257598370437	0.9987576664241131	0.0001862034526634147	59
refN	0.0	0.0	0.0	0.0	1.0	59
refA	0.9990767991695628	7.33742916179967e-05	0.0003983879323420089	0.0001792499473083946	0.0002713371455135314	60
refT	0.0001532913399652128	0.9971772551695297	0.0020473138693340503	0.00040191823364480855	0.00021227592715540656	60
refG	0.00019642124689678064	0.0006612148391525316	0.9985004365617867	0.000423303542777554	0.0002163784858862931	60
refC	0.0002892195220412373	0.0002665464811163984	0.0005059959133226236	0.9987259234978245	0.00021069338030155145	60
refN	0.0	0.0	0.0	0.0	1.0	60
refA	0.9991432245380493	8.680314102680922e-05	0.0003534470438494939	0.00018751396763249948	0.0002282778736395646	61
refT	0.0001682835677106258	0.9974686478461	0.0018270787351439373	0.000404092684649675	0.00012550560196905917	61
refG	0.00017933222906202264	0.0005401443785520802	0.9986015106480904	0.0004918213228168046	0.00018523838031855633	61
refC	0.0002930442552012596	0.00023178641654336918	0.00044591291563581497	0.9988352979852534	0.00019260347469913296	61
refN	0.0	0.0	0.0	0.0	1.0	61
refA	0.998999554709482	0.00010149858533311447	0.0004040517846753648	0.00027875688029285983	0.00021513814977306081	62
refT	0.0001160420612155178	0.9974983270633354	0.0019229326458221003	0.0003274419491700714	0.00012901353029398958	62
refG	0.0002089301506835983	0.0006553530549290589	0.9984547062591018	0.0005093664179957093	0.00016925986890823153	62
refC	0.0003822724245936814	0.00029707387834992835	0.0005341724642782674	0.9986203490101649	0.00016423140821986607	62
refN	0.0	0.0	0.0	0.0	1.0	62
refA	0.9990434035377855	0.0001084775446574073	0.0003961148350159624	0.00020910151142106566	0.00024198836885113936	63
refT	0.00017919146761907786	0.9972585552072563	0.0020199144864184813	0.00035633503275108054	0.00017850883345671946	63
refG	0.0001778047501550468	0.0006036843912449793	0.9983918517645641	0.0005850521569472948	0.0002390249485617246	63
refC	0.00034246113908188974	0.00029923243791909386	0.0005507448810480883	0.9985809861134537	0.0002245646813651736	63
refN	0.0	0.0	0.0	0.0	1.0	63
refA	0.9989979018722541	0.0001113408156954571	0.0004132737700486399	0.0002669262350078862	0.000209554111636428	64
refT	0.0001914480819183882	0.9970138601087682	0.002149780137742795	0.0005023283937113761	0.00013369279463574596	64
refG	0.00019601512176074614	0.0006530371165291701	0.9983136145677036	0.0006452381063795383	0.00018925597963106522	64
refC	0.00040214023029748935	0.0002949398650386282	0.0006154300762011301	0.9984991675330664	0.00018607317285864494	64
refN	0.0	0.0	0.0	0.0	1.0	64
refA	0.9988968563100211	0.00013070404443350076	0.00044987646754452137	0.00027217771050571694	0.0002491698824593704	65
refT	0.00017549259701061487	0.9969023865380817	0.0023104222220610084	0.0004345859981089636	0.00016754706604359885	65
refG	0.0002359872703525881	0.0008120274670261662	0.9980156692613582	0.000695873376273556	0.00023651285447364064	65
refC	0.000378577726287748	0.00032076262565055886	0.0007171296136728266	0.9983880334732227	0.0001929023069336983	65
refN	0.0	0.0	0.0	0.0	1.0	65
refA	0.9988264250604881	0.0001562285458664207	0.0004555857284738169	0.0003454494554561849	0.0002149355460211937	66
refT	0.00026593136069824597	0.9970178826585842	0.002148863540603229	0.0004289438311522357	0.00012951202631408083	66
refG	0.00021661513121032632	0.0006734371405944799	0.9983824253630548	0.0005495804690361002	0.00017532957402419978	66
refC	0.0004368078238852703	0.00032360225638023815	0.000667084514858921	0.9983837986042702	0.00018609890853266256	66
refN	0.0	0.0	0.0	0.0	1.0	66
refA	0.9989828491461552	0.00018854301347386905	0.00046584037171279094	0.0003367867568922546	2.4947167177204046e-05	67
refT	0.00022750455601571812	0.9971079042355724	0.0020973076257699017	0.0005433702565553982	1.557322853679023e-05	67
refG	0.0002871983216514437	0.0008877524329114329	0.9978456519564337	0.0009491424087291207	2.5623642080426207e-05	67
refC	0.0004907193057846657	0.000353761488237985	0.0007967950761723895	0.9983248716021859	3.105116511179806e-05	67
refN	0.0	0.0	0.0	0.0	1.0	67
refA	0.9991172042343154	0.0001948191671044444	0.00030725211926422327	0.0003750995903951243	4.846247937921502e-06	68
refT	0.00018173430444689865	0.9979400879588249	0.0014242104871945507	0.00044598212048131973	3.7506141630692025e-06	68
refG	0.00018071874122242183	0.00043775272800504526	0.998707862932647	0.0006651085637364792	6.889570779740422e-06	68
refC	0.00049327217717938	0.00035486808706170885	0.0004744492209233767	0.9986723284421063	3.321698162824108e-06	68
refN	0.0	0.0	0.0	0.0	1.0	68
refA	0.9991060886335013	0.00022807068421696797	0.00030819034268111836	0.0003563604440890124	4.915316470193275e-07	69
refT	0.0002055109766409659	0.9981516293078457	0.0012013115596356462	0.00043778119503205755	3.567898900016769e-07	69
refG	0.00022044495072949874	0.0003148460181471549	0.9988770024677435	0.0005853920940424489	1.0547605298062141e-06	69
refC	0.0005341877427103017	0.00035030493444332346	0.00038740888388591845	0.9987264786451612	0.0	69
refN	0.0	0.0	0.0	0.0	1.0	69
refA	0.9989883043962511	0.000245606492437666	0.00030928224973632014	0.0004490816567378766	6.702711294595173e-06	70
refT	0.00024986255809566934	0.9978660249427842	0.0014127383011655703	0.0004647303601555307	2.099685362148482e-06	70
refG	0.00023823344330627694	0.00043030584080487887	0.9986579391981638	0.0006690698708445773	2.652933667107761e-06	70
refC	0.0006170614127017397	0.00035380423391322575	0.0004521763431845176	0.9985732484932072	1.6767973171242927e-06	70
refN	0.0	0.0	0.0	0.0	1.0	70
refA	0.9988987314964253	0.0002879017554712276	0.00034626021941809804	0.000452278095588246	1.3616974920936439e-05	71
refT	0.0002219678673120827	0.9976409000799245	0.0015214262657158412	0.0005943232664309563	1.583026650597799e-05	71
refG	0.00024084549945664832	0.0004975014255734705	0.9985528357452738	0.0006946047446036379	1.2121327106133287e-05	71
refC	0.0005785149810809965	0.0003143860370160242	0.000518764881683635	0.9985706584589507	1.5635540029216124e-05	71
refN	0.0	0.0	0.0	0.0	1.0	71
refA	0.9988412828057193	0.00027718052364512046	0.00030666781339460134	0.0005445319507070807	2.8995834920322887e-05	72
refT	0.00026346851393597786	0.9982194739638869	0.0009838026424630662	0.0005031127473564684	2.697749411312539e-05	72
refG	0.00021815715064467826	0.00033546306376505274	0.9987345754795699	0.0006741109034519256	3.609412711396137e-05	72
refC	0.0006966304854208301	0.0003978413162833022	0.00044682314728945434	0.9984290288432921	2.7212128336751175e-05	72
refN	0.0	0.0	0.0	0.0	1.0	72
refA	0.998834988385723	0.0003150176051884354	0.0003236089944208473	0.0005164379527483139	8.591389232411875e-06	73
refT	0.00021867452102141525	0.9981903663683932	0.001101157134981625	0.000484410063557148	2.1230536021496623e-06	73
refG	0.0002770800258465383	0.0003888748625297941	0.9987451483622392	0.0005851844561314922	2.139614099201068e-06	73
refC	0.0007066627724680155	0.0004369783256512432	0.0004442519725570897	0.9984034072600417	6.154624304947087e-06	73
refN	0.0	0.0	0.0	0.0	1.0	73
refA	0.9986471168432984	0.00038587765163952063	0.00033993983596814913	0.0006218529574040395	3.3848916810484268e-06	74
refT	0.00027137603511681753	0.9977356010040495	0.00148998201745841	0.0004958560844955319	2.068940547269257e-06	74
refG	0.0002712943161149362	0.0004688439470954552	0.9983107124447598	0.0009425324355501058	3.7679766127074475e-06	74
refC	0.0007723450430628235	0.0005093362559003213	0.000571613178019138	0.998137683307002	5.560439474894338e-06	74
refN	0.0	0.0	0.0	0.0	1.0	74
refA	0.9986000490105865	0.00037394493230908786	0.00034642730259908924	0.0006658283617330013	1.1793269875713677e-05	75
refT	0.0002477230542668316	0.9977792541050781	0.0013621167358886974	0.0005818611274639533	2.4124192784705983e-05	75
refG	0.000276017441318319	0.000500881071118185	0.9982572055077644	0.0009335570602117661	2.9306871182446997e-05	75
refC	0.0008162812488613665	0.0004829165549559583	0.0005856994703688819	0.9980913451793798	2.012152312316493e-05	75
refN	0.0	0.0	0.0	0.0	1.0	75
refA	0.9982433627410604	0.00047495143300040684	0.00042969527840157166	0.0007645908224329518	8.431936172625076e-05	76
refT	0.00028884821507118094	0.9976613193428989	0.0014232274567502331	0.0005470664098018914	7.40819096606728e-05	76
refG	0.0002889691344843229	0.0004902913807518935	0.9984219946073288	0.000711798970972413	8.445972864523409e-05	76
refC	0.0008379228269147772	0.0004922024910946146	0.0005993982445713208	0.9979940614772076	7.239922617013145e-05	76
refN	0.0	0.0	0.0	0.0	1.0	76
refA	0.9980538875317393	0.0005654527128758915	0.0005150087580313982	0.0008349675573307557	2.690344258372976e-05	77
refT	0.00029536489557377546	0.9967928159076331	0.002261494560077631	0.0006225963054031903	1.7475185236963512e-05	77
refG	0.00030951904476018944	0.0008250283503435394	0.9979867494425462	0.0008490427589887265	2.561536922153292e-05	77
refC	0.0009212508652632436	0.000620388090358366	0.0007940062706136244	0.9976299086145821	2.8842108120580373e-05	77
refN	0.0	0.0	0.0	0.0	1.0	77
refA	0.9979469598648285	0.0005967619433032167	0.0005434883545890064	0.000871438611719603	3.714488754385296e-05	78
refT	0.00033880612676698713	0.9967840637077392	0.0021339985089787053	0.0006978446032093308	3.4977960455701097e-05	78
refG	0.0003233595481009556	0.0009151890403395112	0.9977280724402278	0.0009994255612733737	2.8803455545127135e-05	78
refC	0.0009210092068027494	0.0006282598517833041	0.001030104940227599	0.997368215652411	4.550224057418345e-05	78
refN	0.0	0.0	0.0	0.0	1.0	78
refA	0.9976679616104028	0.0006035643459285937	0.0005822453541179291	0.0010090989457047918	0.00013170399385255027	79
refT	0.00035810142172671805	0.9966236958476067	0.0021179954863558377	0.0007528673031332095	0.00013597886988032435	79
refG	0.0003798500163025758	0.0008835996087381806	0.9974628761080508	0.0011324855993913704	0.00013476796000434736	79
refC	0.001091158239546344	0.0006264466847344746	0.0008291694845689731	0.9973197748522016	0.00012628633432313016	79
refN	0.0	0.0	0.0	0.0	1.0	79
refA	0.996986765902766	0.0007534418922319279	0.000816708005320105	0.0010956540493907041	0.00033837784727464444	80
refT	0.00041952891617681476	0.9953846276187286	0.002973183188557426	0.0008659021764568219	0.00033555430128990514	80
refG	0.0004190485353345039	0.001272111625122601	0.9967805261512541	0.0011903330206504339	0.0003276489185714935	80
refC	0.0011031209647068899	0.0007205779948213034	0.001144248559407402	0.9967182128447544	0.0003031047390256929	80
refN	0.0	0.0	0.0	0.0	1.0	80
refA	0.9971915771647144	0.0007220983946413311	0.0007060841157279145	0.0011365285216733854	0.00023584665308849927	81
refT	0.00043862086837019603	0.9950706302271829	0.0033942670588647614	0.0009260953927816245	0.00014620695612339868	81
refG	0.0003732947399620297	0.0011588692213413512	0.9969106703207932	0.0013644750509341714	0.00018317610272814905	81
refC	0.0013060597860602278	0.0008228452774755769	0.0013657022625483905	0.9963212654359137	0.0001706437521744653	81
refN	0.0	0.0	0.0	0.0	1.0	81
refA	0.9963609732620118	0.0009869324666326204	0.0008849824844266682	0.0014088921152072558	0.0003450251712618104	82
refT	0.00048013138235647923	0.9949008468799666	0.003429260817339124	0.0009675850298033623	0.0001963064402808263	82
refG	0.0005164635331720554	0.001797293095438753	0.9957389741300937	0.0016484456566476272	0.00028074427957045065	82
refC	0.0013330832519169022	0.0008840564698768536	0.001517844895399715	0.9959559073602599	0.00029281921073185204	82
refN	0.0	0.0	0.0	0.0	1.0	82
refA	0.9966581232089343	0.0008353283863703613	0.0008564637797000311	0.0014746740345928746	0.00016427964815334304	83
refT	0.0005166913468744329	0.99522772104281	0.0031527868779791133	0.000989747901720596	9.038635491570174e-05	83
refG	0.0004896583319673337	0.0014237919309350582	0.9963817673131538	0.0015509349742141298	0.00014080303966442642	83
refC	0.0014034161721628209	0.0009169731164729188	0.0014565335173243618	0.9960650761191658	0.0001425781370125575	83
refN	0.0	0.0	0.0	0.0	1.0	83
refA	0.9965846761081615	0.000790709239425298	0.0009824258180921087	0.0015682805407186062	6.228355855165424e-05	84
refT	0.000572016972448799	0.9947003159544086	0.003613038710162277	0.0010364691094807005	5.022066819133291e-05	84
refG	0.0004936359220222932	0.0015862377239506174	0.996280805252212	0.001579949368256066	4.5590578785498426e-05	84
refC	0.0014897311977739112	0.0010660002635806598	0.0015981662793587983	0.9957732604696824	5.505165680463502e-05	84
refN	0.0	0.0	0.0	0.0	1.0	84
refA	0.9962216582525516	0.0011176591092075863	0.0009027979590572788	0.0016964979061757097	4.7164642715921165e-05	85
refT	0.00057760961406284	0.9948967898173641	0.003233323091010982	0.0012294372232287266	3.6929727031950666e-05	85
refG	0.0004824521208405622	0.0014694775296344635	0.9964830495036946	0.0015342609476075959	1.8434305927314057e-05	85
