errmodel	readA	readT	readG	readC	readN	pos
refA	1.0	0.0	0.0	0.0	0.0	0
refT	0.0	1.0	0.0	0.0	0.0	0
refG	0.0	0.0	1.0	0.0	0.0	0
refC	0.0	0.0	0.0	1.0	0.0	0
refN	0.0	0.0	0.0	0.0	1.0	0
refA	0.9987809963056725	0.0001091122208388137	0.0005288161594118743	4.483323925555217e-05	0.0005347579140120078	1
refT	0.00023204954007781156	0.9989808003076182	5.1407898109545945e-05	0.0001927796179107973	0.0005419249259047969	1
refG	0.0005361021518282029	0.00036879754542320066	0.9984314268333109	0.0001149309904869146	0.0005462859104789422	1
refC	0.0004080632677519225	0.0002918081494057725	6.163861979426746e-05	0.9986937418358864	0.0005430440427444322	1
refN	0.0	0.0	0.0	0.0	1.0	1
refA	0.9994384690644325	5.160605016430614e-05	0.0004972457958539914	1.2363949518531679e-05	0.0	2
refT	0.00015760831249966105	0.999692145367059	4.948562069881831e-05	0.00010066595443526739	0.0	2
refG	0.00033592048460756477	0.0004476489608884178	0.9991421897702819	7.350557650056122e-05	0.0	2
refC	0.000166310922146669	0.00019130064619979543	0.00011460804479537293	0.9995275572901445	0.0	2
refN	0.0	0.0	0.0	0.0	1.0	2
refA	0.9993533027372165	4.602438905045872e-05	0.0005871743108332207	1.2111681329068084e-05	9.689345063254468e-07	3
refT	0.00021840747178715855	0.9995246816380687	8.427504802391095e-05	0.0001720883614228716	3.216604886408815e-07	3
refG	0.00033547887004048665	0.0002151440579607469	0.9993682340578138	8.022320805315986e-05	5.209299224231159e-07	3
refC	0.0001407174879734702	0.00022150965787458808	0.00019529233121793393	0.9994421695215774	0.0	3
refN	0.0	0.0	0.0	0.0	1.0	3
refA	0.9994303833890432	4.630374280464207e-05	0.000505441908299093	1.7546681483864363e-05	0.0	4
refT	0.00023805867256979207	0.9995003745479845	0.00011287264647705658	0.0001484446320334623	0.0	4
refG	0.00030833958606726013	0.0001473294950492028	0.9994756531435015	6.840297984427272e-05	0.0	4
refC	0.00014033990782064102	0.00019453621368633575	0.00013634649580948459	0.9995285552272438	0.0	4
refN	0.0	0.0	0.0	0.0	1.0	4
refA	0.999452636570761	5.016743980265563e-05	0.0004763517855547396	1.7200265075196213e-05	3.3444959868437083e-06	5
refT	0.0001429422513304625	0.999483608658706	0.00018259289913541595	0.0001875908799511664	2.998788489450262e-06	5
refG	0.00028405552298115514	0.00014278726823651648	0.9995035425783162	6.025420184448745e-05	9.114080951267009e-06	5
refC	0.0001509073452665	0.00019249598372577165	0.00010100097911537401	0.9995536141502531	1.7823702196830708e-06	5
refN	0.0	0.0	0.0	0.0	1.0	5
refA	0.9997971080203845	3.769355142689931e-05	0.0001487903345798657	1.2895162330255027e-05	3.4717744735301994e-06	6
refT	6.741638294164991e-05	0.9996046800623519	0.00017839412101482746	0.0001303383403538565	1.901487723995254e-05	6
refG	0.00011944075072356489	0.0001245669632009711	0.9997220820668069	2.9732032368956066e-05	4.100969981924975e-06	6
refC	0.00012341691975290518	0.00013864015214533402	4.838813153307736e-05	0.9996856502037291	3.8058080981072085e-06	6
refN	0.0	0.0	0.0	0.0	1.0	6
refA	0.9997871786989524	2.991408866728875e-05	0.00017176476718636766	1.1097161924961956e-05	0.0	7
refT	5.896612950835082e-05	0.9994356880458529	0.0003728740542439831	0.00013215350201577447	0.0	7
refG	0.00015895012669713983	0.00011111076817664144	0.9996794250026886	5.041136704310583e-05	0.0	7
refC	0.0001552819581563119	0.00012535488985709542	6.493609159263952e-05	0.9996543075984545	0.0	7
refN	0.0	0.0	0.0	0.0	1.0	7
refA	0.9997878826888869	3.9976852427399356e-05	0.00015746979675670722	1.4625677717341227e-05	0.0	8
refT	9.574272748734359e-05	0.9995039903842369	0.0002577184376885345	0.00014230254701886	0.0	8
refG	0.00014757744533463579	0.00012289367333916291	0.9996753292807282	5.356903709655819e-05	5.251866382015508e-07	8
refC	0.00015806079096769766	0.00013668602208238622	6.131183706576173e-05	0.999642688736311	1.1249878360690225e-06	8
refN	0.0	0.0	0.0	0.0	1.0	8
refA	0.9997988311549059	3.7865245949525134e-05	0.00014555990650726546	1.770323187250526e-05	0.0	9
refT	9.057837727365624e-05	0.9993478684821205	0.0004080931943592888	0.0001530349478847333	0.0	9
refG	0.00015005104939616468	0.00012441955341390166	0.9996816409379841	4.37871389696993e-05	0.0	9
refC	0.00017151163920167716	0.00015486002374520363	5.050990021796965e-05	0.9996229763435701	0.0	9
refN	0.0	0.0	0.0	0.0	1.0	9
refA	0.9997544780450184	4.415461712486973e-05	0.00018516452342687306	1.6142548196188936e-05	0.0	10
refT	7.42962815418672e-05	0.9993702079694358	0.00036617453045634544	0.0001889248302064623	0.0	10
refG	0.00015273049666148165	0.0001080288878825114	0.9996758082701364	6.332727910354117e-05	0.0	10
refC	0.00017394368238775614	0.0001594483755221098	6.411385729035883e-05	0.9996023360110119	0.0	10
refN	0.0	0.0	0.0	0.0	1.0	10
refA	0.9997968220262298	4.728597787402244e-05	0.00014234044360037366	1.3510279392577839e-05	0.0	11
refT	7.315538203143477e-05	0.9994378240783758	0.00034373008269564557	0.0001449745927015648	0.0	11
refG	0.0001365659589762211	0.00011962754545979059	0.9997071973331131	3.652345414480332e-05	0.0	11
refC	0.00016122201747782914	0.00015213908691569792	4.7117702291055696e-05	0.999639391201486	0.0	11
refN	0.0	0.0	0.0	0.0	1.0	11
refA	0.9997674876054706	3.7762220614739525e-05	0.00017606022338560376	1.8635901082598728e-05	0.0	12
refT	7.34645412255747e-05	0.9994542031182596	0.0003154653829098208	0.00015656922586988997	0.0	12
refG	0.00015763410841192923	0.00012472732483772179	0.9996803836245983	3.7152820164427766e-05	0.0	12
refC	0.00016146013410099275	0.0001469843979402141	5.400563106136654e-05	0.9996374184191443	0.0	12
refN	0.0	0.0	0.0	0.0	1.0	12
refA	0.9997710487059511	4.549543102655701e-05	0.00016349920525168926	1.9430340334258722e-05	4.7391073985996885e-07	13
refT	7.095937069175249e-05	0.9992976034565746	0.00047958747088218927	0.0001496089194880299	1.7477677510283866e-06	13
refG	0.00013063871312997766	0.0001222442576678104	0.9996961333360623	5.0366732773003434e-05	5.246534663854524e-07	13
refC	0.00017378344558019207	0.0001361022454058462	5.6240597275143064e-05	0.9996320511572666	1.687217918254292e-06	13
refN	0.0	0.0	0.0	0.0	1.0	13
refA	0.9997770644689457	4.4863531342187995e-05	0.0001565450880876347	1.8613592790907784e-05	2.8636296601396592e-06	14
refT	0.0001162594523444821	0.9993829098108983	0.00036347782801953024	0.00013095892333056606	6.013419948852522e-06	14
refG	0.00014694017568364054	0.00011307292329558955	0.9996907291415658	4.7523402544523145e-05	1.6387380187766603e-06	14
refC	0.0001838993566917581	0.0001544754596210768	4.24383130827134e-05	0.9996173429676865	1.6975325233085362e-06	14
refN	0.0	0.0	0.0	0.0	1.0	14
refA	0.9997927295446268	3.848510774349972e-05	0.00015788762151179372	1.0854773978935817e-05	0.0	15
refT	5.8506670425277006e-05	0.9993420321692381	0.0004617373023903964	0.00013729122094113298	0.0	15
refG	0.00012207286320251007	0.00010832591914817336	0.9997244353261812	4.5089976498224445e-05	0.0	15
refC	0.00014757936428378898	0.00013811200883916857	5.4019616360481255e-05	0.9996601735677431	0.0	15
refN	0.0	0.0	0.0	0.0	1.0	15
refA	0.9997746235688358	2.912047570445295e-05	0.00018140624209331347	1.193462119034957e-05	2.8643090856838966e-06	16
refT	7.893427836717641e-05	0.9991984472895669	0.0005416524618989002	0.0001803239979939806	0.0	16
refG	0.00014041927994960205	0.00014205841551321607	0.9996540227372103	6.174077289612853e-05	1.6391355636140316e-06	16
refC	0.0001881720277746447	0.00013489440545290797	9.295244745494499e-05	0.9995809716920578	2.8339160809434448e-06	16
refN	0.0	0.0	0.0	0.0	1.0	16
refA	0.9997831055463829	3.438989930446428e-05	0.00015332163439906994	1.3851487219853672e-05	1.5284399690873017e-05	17
refT	9.902724259653472e-05	0.9991906229573848	0.0005251138476462504	0.00016470857697178733	1.987281399046105e-05	17
refG	0.00012541659120948625	0.00010217127473531423	0.9997166512284845	3.5678857844077985e-05	2.0001783942892204e-05	17
refC	0.00016726896680332616	0.00014749054167455448	7.572311335015441e-05	0.9995969228194824	1.2432152938085053e-05	17
refN	0.0	0.0	0.0	0.0	1.0	17
refA	0.9997530399546779	3.604726438298194e-05	0.00018616189962170125	1.333254984028099e-05	1.1357357271350474e-05	18
refT	0.00010579947472889717	0.9992471927882335	0.0005260030488880076	0.00011611326000121104	4.325135759357431e-06	18
refG	0.00014094061683730353	0.000124488404755128	0.9996917002075264	3.619486658078612e-05	6.5808848328702035e-06	18
refC	0.00016640174710958535	0.00016041998495858718	4.9485486885530284e-05	0.9996137553156245	9.788338065269726e-06	18
refN	0.0	0.0	0.0	0.0	1.0	18
refA	0.9997827572716236	4.2766379283004835e-05	0.00016385770039892863	1.0571464541866363e-05	0.0	19
refT	7.988153162682462e-05	0.9992985139741707	0.0004542415908610112	0.00016687116564417177	0.0	19
refG	0.00015820015895865288	0.00010835627325935128	0.9996748254761233	5.797060619375294e-05	5.417813662967564e-07	19
refC	0.0001832147526739638	0.0001343574852942401	6.162678044487874e-05	0.9996206571351449	0.0	19
refN	0.0	0.0	0.0	0.0	1.0	19
refA	0.9997337626571259	5.2076050320894554e-05	0.0001678006065895491	1.3019012580223638e-05	3.327080992723818e-05	20
refT	8.399826336120569e-05	0.9992417544168818	0.00048543574689467864	0.00015990030856711444	2.833676354353927e-05	20
refG	0.00015169376234180985	0.00011857751845028798	0.9996676588812287	3.097971202755271e-05	3.097971202755271e-05	20
refC	0.00016042822597685138	0.0001671360263661274	6.931393735585216e-05	0.9995789082819737	2.403628472823906e-05	20
refN	0.0	0.0	0.0	0.0	1.0	20
refA	0.9997666686970583	4.174428238386372e-05	0.00017090600317158324	2.062658658967384e-05	0.0	21
refT	0.00010203359264932716	0.9992835901909728	0.0004626409152047668	0.00015122242558776502	0.0	21
refG	0.00016591822135666705	0.00011043081618165053	0.9996773073612013	4.623950431251377e-05	0.0	21
refC	0.00015469743438984525	0.00015469743438984525	6.496191195018413e-05	0.9996255030237877	0.0	21
refN	0.0	0.0	0.0	0.0	1.0	21
refA	0.9997611907088799	3.212128999100604e-05	0.0001874540953206472	1.9176889546869278e-05	0.0	22
refT	9.628421194094342e-05	0.998886900887516	0.0008366179405045225	0.00017895934798917398	0.0	22
refG	0.00013179444566773977	0.0001660824315325176	0.9996505690846893	5.143197879716674e-05	0.0	22
refC	0.00017422881341214527	0.0001512597415475216	0.0001131646955281458	0.9995611542483968	0.0	22
refN	0.0	0.0	0.0	0.0	1.0	22
refA	0.9997869437173091	3.001517218542405e-05	0.00016121052157655176	1.694404881435229e-05	4.841156804100654e-06	23
refT	5.128253256608408e-05	0.9994516802897007	0.0002681439611298514	0.00022658164715472443	2.0110797084738855e-06	23
refG	0.00011581225027983533	9.668729151802766e-05	0.9997321788683813	5.099989003148712e-05	4.24999083595726e-06	23
refC	0.0001761012434451993	0.00013463224095649107	5.737492125150041e-05	0.9996306190653981	1.1361370544851567e-06	23
refN	0.0	0.0	0.0	0.0	1.0	23
refA	0.9997810875374364	3.295264017044876e-05	0.0001647632008522438	1.721406576068219e-05	3.934643602441643e-06	24
refT	9.578483533156686e-05	0.9994632504593818	0.00020520570624853039	0.00022748898391247127	7.982069610963906e-06	24
refG	0.00013897195362121977	9.246772011372988e-05	0.9996960078583591	6.488962814998589e-05	7.570456617498354e-06	24
refC	0.00018061164214959693	0.00014986923497519746	7.136630236914165e-05	0.9995941453684517	3.842800896799935e-06	24
refN	0.0	0.0	0.0	0.0	1.0	24
refA	0.9995795896795272	5.330964015992892e-05	0.00015800785236591545	2.2572550337987923e-05	0.00018634360704551732	25
refT	7.315248181986654e-05	0.9991768801281571	0.0002800695018246319	0.0002776310857639697	0.00019158983333774572	25
refG	0.0001518491645889887	9.570774810362315e-05	0.9994901900366122	8.822222590557441e-05	0.00017377105102613143	25
refC	0.00017381121762000078	0.00015487025159730838	5.682289806807717e-05	0.9994281016150834	0.00018606713681115468	25
refN	0.0	0.0	0.0	0.0	1.0	25
refA	0.9997304567758438	4.5317838855612496e-05	0.00018419508696152173	3.947037577746894e-05	4.872885898452957e-07	26
refT	8.135838988656855e-05	0.9991723435629699	0.00045485175780465544	0.0002900752719584406	6.86568691025895e-07	26
refG	0.0001290884825148333	9.115227540843332e-05	0.9996030930280365	0.00017282049904026665	3.6882423575666662e-06	26
refC	0.00022705268238917728	0.00013847410506204145	8.072984262726303e-05	0.9995535441360321	0.0	26
refN	0.0	0.0	0.0	0.0	1.0	26
refA	0.9996751510819	4.343073168444612e-05	0.00024034961739005978	3.898895230762777e-05	1.9741241674748238e-06	27
refT	9.325319911225678e-05	0.9984401742396275	0.0011258451922019905	0.000337617421603499	6.806802854909253e-07	27
refG	0.00014808826482186983	0.00018603258890434183	0.9994574181328856	0.00020711276895015961	1.0540090022908885e-06	27
refC	0.0002132108286922428	0.00016320519618968072	0.00019672545533974982	0.9994243292638673	2.1980497803324e-06	27
refN	0.0	0.0	0.0	0.0	1.0	27
refA	0.9996638368129425	4.224631328905792e-05	0.0002558782384439531	3.744559586984679e-05	4.800717419211127e-07	28
refT	9.706518489862666e-05	0.99825259204718	0.0012808384181188345	0.0003661045560850375	3.5168545253125606e-07	28
refG	0.00015249738461653307	0.00022181437762404808	0.9993490632379729	0.00027406872619894406	2.1328305540773856e-06	28
refC	0.00021177594652082766	0.00017018687175187957	0.0002079453738447403	0.9994070042489815	2.736123340062373e-06	28
refN	0.0	0.0	0.0	0.0	1.0	28
refA	0.9996588739167073	5.023373175766861e-05	0.00024005927580347404	4.975071510615257e-05	9.660333030320887e-07	29
refT	8.317436844344092e-05	0.998570415453248	0.0010598790950221329	0.00028381131436210863	6.789744362729871e-07	29
refG	0.00015336147559732996	0.00020690802470419432	0.9993346446227165	0.00030412360415063734	5.198694088045083e-07	29
refC	0.0001643175242676794	0.00017945941216947922	0.0001889931934409828	0.9994669458748063	0.0	29
refN	0.0	0.0	0.0	0.0	1.0	29
refA	0.9996110204312749	4.478908524445735e-05	0.00029777358871315053	4.3804709744579165e-05	2.460938749695459e-06	30
refT	0.00011571403340549107	0.9978879970488242	0.0016751467233642875	0.0003099241362556427	6.766902538332811e-06	30
refG	0.00014897349282719236	0.0003037995157297387	0.9991805068184602	0.00036392096104928415	2.1281927546741764e-06	30
refC	0.00021485263636823214	0.00018298191281488824	0.0003049698546914804	0.9992928494209173	3.846466635748402e-06	30
refN	0.0	0.0	0.0	0.0	1.0	30
refA	0.9995356208806933	5.5176900045593544e-05	0.00026862438180091594	4.404471845744748e-05	9.631757113222031e-05	31
refT	0.00011947046534265688	0.9979919887742907	0.0014970168744240745	0.00027876441913286603	0.00010873543802201235	31
refG	0.00015560610695749836	0.0002672825986854989	0.9990416285004532	0.0004424717871308457	9.20934102401521e-05	31
refC	0.00016764162536024967	0.00016985471612408136	0.0002915747081348237	0.9992746870773045	9.571617553572012e-05	31
refN	0.0	0.0	0.0	0.0	1.0	31
refA	0.9994584889815539	5.933137877441631e-05	0.0003391053599871111	5.643716517566429e-05	8.634403902943512e-05	32
refT	0.00011035467166391124	0.9974239391671885	0.002046546294128547	0.0003073429173443509	0.00010519791130578454	32
refG	0.00018042982623935644	0.00035620673432354324	0.9989328271076405	0.000426517497557218	0.00010288119031986228	32
refC	0.00021743332044839582	0.00020057802428960546	0.00045340746667146104	0.999014117854815	0.00011349232746918852	32
refN	0.0	0.0	0.0	0.0	1.0	32
refA	0.9995601271247387	4.825149862754028e-05	0.0002678450536059379	4.4804963011287406e-05	7.877795694292291e-05	33
refT	0.00012539027723790298	0.9980108179178513	0.001469777384812933	0.0002941588125472967	9.59066174549366e-05	33
refG	0.00014528510359196364	0.00028846462597244954	0.9991686576560677	0.00031846915823600724	7.843290012754558e-05	33
refC	0.00021411503716661792	0.00017272682121946239	0.0003537312856283559	0.9991803939631928	7.83616888599478e-05	33
refN	0.0	0.0	0.0	0.0	1.0	33
refA	0.9995529424842382	5.12074820894585e-05	0.0002743948096869097	5.7004555533548144e-05	6.42508973386602e-05	34
refT	8.785899392458516e-05	0.9979234004793752	0.0016271208953592465	0.0003057769709816271	5.153933108174484e-05	34
refG	0.00016695486880173506	0.00036688201576807615	0.9990601927181175	0.00034437712749699586	6.071086138244912e-05	34
refC	0.00021450620559749475	0.00018210683079370648	0.00037203420033315494	0.9991932756196488	3.742686399747955e-05	34
refN	0.0	0.0	0.0	0.0	1.0	34
refA	0.9995006905239766	6.354342582160428e-05	0.00028496782503073303	5.621149207295763e-05	9.433754756592019e-05	35
refT	0.000104310960700594	0.9977729932147725	0.0017773111921300566	0.0002676532046272476	7.278288897758489e-05	35
refG	0.00013887531568416666	0.0003549035845262037	0.9990733065965125	0.00035747534963146603	7.458118805260803e-05	35
refC	0.0002031572221257509	0.00016854104740600005	0.0004023420963328419	0.9991480574004846	7.717704527682158e-05	35
refN	0.0	0.0	0.0	0.0	1.0	35
refA	0.9994832338364413	6.586232100800054e-05	0.00026493490029534054	5.199656921684253e-05	0.00013370546370045222	36
refT	0.00010895552552308963	0.9975018899494659	0.0018886770118276895	0.0003430208658424084	0.00015123164425917803	36
refG	0.00017628851826120238	0.00032345562937601143	0.9990526576596271	0.00029849442325053147	0.0001482071613700374	36
refC	0.0002269831618257399	0.000197160556622358	0.0003838279743768594	0.9990602579205056	0.00013088810061484272	36
refN	0.0	0.0	0.0	0.0	1.0	36
refA	0.9994167960791646	9.92417927037434e-05	0.0003132167798991316	5.6156331481142606e-05	0.00011424908818577289	37
refT	0.00010207757070504325	0.9975779684012731	0.0019212579806100734	0.00031448140469735546	7.836257953114431e-05	37
refG	0.00014730536763247825	0.0003466311622960065	0.9990684308911822	0.0003389053563012961	9.786020926633171e-05	37
refC	0.0002208584819772735	0.0001989412280405975	0.00039844443695136617	0.9990876353781476	9.328882444841578e-05	37
refN	0.0	0.0	0.0	0.0	1.0	37
refA	0.9994068478659661	8.996562340584562e-05	0.00029810230890693715	6.03012827152695e-05	0.00014443129811641162	38
refT	0.0001153383308740298	0.997498503502061	0.0019420389163096225	0.00029498033294331514	0.00014289704710056787	38
refG	0.00016264803431562732	0.0003195982075565034	0.9990968510587114	0.00029991468748008987	0.00012017306994020872	38
refC	0.00022056241152760962	0.00020303052753438937	0.0004201996711923434	0.9990268827187051	0.00012837863440196765	38
refN	0.0	0.0	0.0	0.0	1.0	38
refA	0.9992855845012929	0.0001405053045699845	0.00033196851889598453	7.866318107967442e-05	0.00016276846902649615	39
refT	0.00013794895621406606	0.997621836117958	0.001822729912978592	0.00030028114197686533	0.00011156162560653283	39
refG	0.00017412429987521093	0.00041665457470139755	0.9988414582579953	0.00040784471429104464	0.0001585774873863528	39
refC	0.0002340405027740683	0.00019549265525833941	0.0004620234866528078	0.998952053556072	0.00015529275713479357	39
refN	0.0	0.0	0.0	0.0	1.0	39
refA	0.9993339048209059	0.00012909901366433874	0.00028459373644220396	7.390798551787421e-05	0.00017805105602033334	40
refT	0.00012400044290862425	0.9975531398978608	0.0018722320394090873	0.0003213532604955896	0.0001233018488640686	40
refG	0.0001682188282178491	0.000383830577079117	0.9988784999950469	0.0003885177890108837	0.00017967645738438992	40
refC	0.0002740092373994112	0.00019728665092757608	0.00045814344493181556	0.9988967189595912	0.00017262581956162907	40
refN	0.0	0.0	0.0	0.0	1.0	40
refA	0.9992091409601289	0.00020828622384308333	0.00034087583392837945	8.244663027122048e-05	0.00015862538806568152	41
refT	0.0001248537763724156	0.9975582257565013	0.0019253058076188398	0.00028504352718985445	0.0001006233938958282	41
refG	0.00019184667321140876	0.0003842160894015952	0.998971230023757	0.0003173049881180521	0.0001343449455458639	41
refC	0.00024842293779320256	0.00019817375264866843	0.0004974104731722988	0.9989170595340304	0.0001377618109580487	41
refN	0.0	0.0	0.0	0.0	1.0	41
refA	0.9990845660502382	0.00022346941946788627	0.0003586363530974687	0.00010112854523381166	0.00023136237909589108	42
refT	0.00012516000763990404	0.9972878362826854	0.002020048232894999	0.00036484999487358324	0.0001947695461355219	42
refG	0.0001814826510363437	0.0004905216796582319	0.9987144894586578	0.0004070396601815138	0.00020481613474101647	42
refC	0.00023935621432010455	0.0002300020634156407	0.0005249329389916776	0.9987990271017715	0.00020524107572735402	42
refN	0.0	0.0	0.0	0.0	1.0	42
refA	0.9991676707311196	0.0002566662188250466	0.0003293802883233243	8.716057337210775e-05	0.0001584299924830025	43
refT	0.00013867194511688215	0.9977763150747072	0.0016651192191572829	0.0003065565081137166	0.00010840344948223275	43
refG	0.00017768714356036482	0.00035382468993851716	0.9989239394262183	0.0004287218870787872	0.0001146701914837238	43
refC	0.00020149789404001604	0.00018586924851890675	0.00048448801115438757	0.9989735967973091	0.00015349562565375184	43
refN	0.0	0.0	0.0	0.0	1.0	43
refA	0.9991497555006349	0.00026412504736242326	0.0003462439257241949	0.00010468956422728776	0.0001344636604754155	44
refT	0.0001194261113386709	0.9977085554124189	0.0017239792232785786	0.00031242418238454594	0.0001303763565043943	44
refG	0.00014859968344081522	0.0004023702695985454	0.9989089053853873	0.00042120684918963466	0.00011772862244430782	44
refC	0.0002442685936744612	0.00019337930332561512	0.00047779389271972156	0.9989715451388103	0.00011195643876746139	44
refN	0.0	0.0	0.0	0.0	1.0	44
refA	0.9989841536859969	0.00025148487022641036	0.0003436959893094275	8.432139766414935e-05	0.00033531316030188045	45
refT	0.00011648219791318172	0.9976010792489707	0.0016714533569871614	0.0003262825202909011	0.000278961627388671	45
refG	0.00021497945373196467	0.0004666627166376794	0.9984955054209066	0.0005180480494809295	0.00030254425561791125	45
refC	0.0002571461981433379	0.00021558161870206564	0.00042728387665627923	0.9987992833430527	0.00029926497197716053	45
refN	0.0	0.0	0.0	0.0	1.0	45
refA	0.9989416165593313	0.00032445409023121595	0.0003787722637826303	0.0001251257926452223	0.00022891230282381754	46
refT	0.0001105043087938	0.9971386567854059	0.0022824734920795335	0.0002857025958371348	0.00017449889268388038	46
refG	0.00020335409109324725	0.0006371761520921747	0.9984249180471699	0.0005344562650527652	0.00019761846288292488	46
refC	0.0002460307499736001	0.00022004547975166928	0.0005904737999366401	0.9987295327448403	0.00021230518649407288	46
refN	0.0	0.0	0.0	0.0	1.0	46
refA	0.9986722114985028	0.0003219314334530395	0.00040483847429712043	9.987631820982851e-05	0.0004993815910491426	47
refT	0.00016747046736000591	0.9969482776177239	0.0022592974596629253	0.00028452714454565953	0.00033114263546030036	47
refG	0.00020718453008188248	0.0005386797782128944	0.9983976573224697	0.0004746886068964649	0.00037922636771949627	47
refC	0.0002678504804045934	0.00027676026769455915	0.0006002969186614381	0.9984746601169074	0.0003781090981179188	47
refN	0.0	0.0	0.0	0.0	1.0	47
refA	0.9987190519316265	0.0003738464289826526	0.00036159720129645825	0.0001313117207960038	0.0004125539884710269	48
refT	0.0001507153866088356	0.9972855716112983	0.0019395228937354229	0.00035360148396688354	0.00026324044900909746	48
refG	0.0002209405211243394	0.0005531422593303868	0.9983314662022872	0.0005325773898223933	0.0003590942598703464	48
refC	0.0002618840212153624	0.00026519202990439854	0.0005744908423292792	0.9985495427498394	0.0003467895775672904	48
refN	0.0	0.0	0.0	0.0	1.0	48
refA	0.9988351815310818	0.0003727091036465362	0.0003178287618804009	0.00013457614241782742	0.0003383492374973037	49
refT	0.0001533708424066234	0.997875593627404	0.0014732582046492091	0.000292579061978401	0.00020069472846452298	49
refG	0.0001958372868872568	0.00029748109611406673	0.9988075911369603	0.00044063389549632776	0.00025703643903952455	49
refC	0.00023272308785213253	0.0002349447879748259	0.0004076819725142369	0.9988528437020396	0.00027049198993792014	49
refN	0.0	0.0	0.0	0.0	1.0	49
refA	0.9988635058338411	0.00043220401196169574	0.00029072890793373907	0.00011813900439447926	0.00029413208913028785	50
refT	0.00012116684674797196	0.998108831006744	0.0012787608536955388	0.0003251143491254124	0.0001625571745627062	50
refG	0.0002046364318962084	0.00031167702704191743	0.9988337879984177	0.0003945810173998685	0.00025395905907119195	50
refC	0.00027819779638061287	0.00025623481245582764	0.00039983893811788493	0.9988125905991682	0.0002517295849840768	50
refN	0.0	0.0	0.0	0.0	1.0	50
refA	0.9988476182301271	0.0004316457430170461	0.0002793871418843209	0.00013353424241737384	0.000306488187393382	51
refT	0.00017974415534124295	0.9982420968001925	0.0010857339971531697	0.0003181868044000312	0.00017115344203449238	51
refG	0.00019724177939509004	0.00021359069693853335	0.9989615575686193	0.0003570392637713261	0.0002694934472483717	51
refC	0.0002527461308595852	0.0002428128768083351	0.00029634207919562716	0.9989642142943952	0.0002428128768083351	51
refN	0.0	0.0	0.0	0.0	1.0	51
refA	0.9986335894969838	0.0005814908981931729	0.0003088717239779198	0.0001643448922574221	0.0003098384586382576	52
refT	0.00015469705449855557	0.9978309371215637	0.0015031686823634928	0.00031356571496111714	0.00019293677583527718	52
refG	0.00023186917719188996	0.00030951102012402625	0.9988525433614346	0.00034067339245733263	0.0002640879011297152	52
refC	0.0002902474648784045	0.0002902474648784045	0.0003673530532711495	0.9987703078421274	0.0002803338892279087	52
refN	0.0	0.0	0.0	0.0	1.0	52
refA	0.9987207332656283	0.0004981992826123618	0.0003155423196371215	0.00014593228258868407	0.0003179584170309739	53
refT	0.00013422868713862645	0.9979003483720839	0.001386917064591047	0.0003462221048613438	0.00022788447136381417	53
refG	0.00016911220832095284	0.00040039027515241174	0.9986436847461222	0.0004925854042993486	0.00029239026672314277	53
refC	0.0003031003713536719	0.00028248508874321993	0.0003911331997983045	0.9987258026634295	0.0002958571639499996	53
refN	0.0	0.0	0.0	0.0	1.0	53
refA	0.9985080078018759	0.0005237470805949767	0.00030939873835147697	0.0001663381931889602	0.0004902854615569643	54
refT	0.00018510398598508095	0.9978246366452228	0.001323238769537386	0.0003467727884234269	0.0003155258770277802	54
refG	0.00020808878454807385	0.0003452139579553943	0.998574965015311	0.00045352683811759686	0.0004161775690961477	54
refC	0.0003246549986620447	0.00030858845435965677	0.0004121899641716062	0.9985202455049752	0.0004321346398573291	54
refN	0.0	0.0	0.0	0.0	1.0	54
refA	0.998169792211657	0.0005404413508542375	0.00039335314632210015	0.00018877118106078863	0.000704298568932384	55
refT	0.00014698242374694098	0.9968874551055656	0.0020740100530559137	0.00034273320929010197	0.0005391613331915438	55
refG	0.0002348525434903242	0.0006220130857067997	0.998012325184667	0.0004931370867846716	0.0006337290856088112	55
refC	0.0003401258130958475	0.00043770289062334465	0.0005893655482660833	0.9979701880802605	0.0006585058774855669	55
refN	0.0	0.0	0.0	0.0	1.0	55
refA	0.9981459077640479	0.0005205289081539926	0.0004658391917250553	0.0002104577480434998	0.0006538350919495273	56
refT	0.00026115338375128517	0.9967098363651936	0.0022764374107431848	0.0003532460827832699	0.00038853708058749766	56
refG	0.0002755475917927756	0.0007584119431248776	0.9979056600300319	0.0004928365498922216	0.0005631667923688537	56
refC	0.0003587720311889551	0.0004792798146711348	0.0007472583103598175	0.9978548819357899	0.0005552162261804536	56
refN	0.0	0.0	0.0	0.0	1.0	56
refA	0.9979390152104691	0.0005035632841313094	0.0005367759934629574	0.00020709101112674605	0.000809315578860892	57
refT	0.00029750946997119364	0.9962535308058594	0.002467294642623213	0.0004374733689379429	0.0005302080704700995	57
refG	0.0002698725407864721	0.0008445423041082538	0.9975216287227954	0.000662510629538555	0.0006953186639086751	57
refC	0.0003860561582290541	0.0005964319819715629	0.000789184700060249	0.9974679938074615	0.0007539384887526035	57
refN	0.0	0.0	0.0	0.0	1.0	57
refA	0.9976688367700179	0.0006083877724031317	0.0005513959436065854	0.000241265408572046	0.0009246924222239637	58
refT	0.00026320295802071374	0.9959851632519859	0.002713069312931052	0.0004157690635400833	0.000606740955437308	58
refG	0.0003345929983238585	0.0010747211813250518	0.9971691451689115	0.0006469503859996125	0.0007665991480584606	58
refC	0.00040926346688494053	0.0005995004163197336	0.0008676385497960739	0.9973210576303727	0.0007953823790908706	58
refN	0.0	0.0	0.0	0.0	1.0	58
refA	0.9978195483993009	0.0005203933362619538	0.0004899807386882033	0.00025150735453847675	0.0009138261461445999	59
refT	0.00023732177854095642	0.9965033027162384	0.002348782679861624	0.00037589895247037243	0.0005225095857580154	59
refG	0.0003230284627469395	0.0007757935601255767	0.9975553044575283	0.0005882794768724751	0.0007516320816111714	59
refC	0.00040186216745905645	0.0005980158687782322	0.0007739359504770919	0.9974525214459266	0.0007671914106036531	59
refN	0.0	0.0	0.0	0.0	1.0	59
refA	0.9976712264252762	0.0006259914181911442	0.0005168467064971448	0.00025108178071310165	0.0009294430829906043	60
refT	0.00023049103113708796	0.9961672618169534	0.002601207213823734	0.00042552190363770085	0.0005608842399711681	60
refG	0.000315525689267172	0.0009085053730634937	0.9974085989963811	0.0005783768419789979	0.0007822950973566248	60
refC	0.0004407782539135558	0.0006771057466602254	0.0007337144251553579	0.9973704178622026	0.0007710871449385521	60
refN	0.0	0.0	0.0	0.0	1.0	60
refA	0.9977944040880864	0.0005801956088052543	0.0004668240530616989	0.0002581822824075927	0.0008955400201591775	61
refT	0.0002807448957703906	0.9964336779828243	0.002193034722640867	0.0005516759874439386	0.0005281929562122081	61
refG	0.0003603448009334849	0.0008400937962591306	0.9974063773296108	0.0006561900147176331	0.0007302845817734828	61
refC	0.00037228487370318024	0.0005370126939258263	0.0006957004940736421	0.9976322098714062	0.0007571988802900967	61
refN	0.0	0.0	0.0	0.0	1.0	61
refA	0.9977550507720316	0.0004959859014192939	0.0005603430964327243	0.0002971076521672648	0.0008864840696586794	62
refT	0.00027998517438404134	0.9964350461417982	0.002308570161390707	0.0004515327532096308	0.0005122020188918514	62
refG	0.00038137822198842713	0.0009016307206733299	0.9973094558307167	0.0006480799579168859	0.0007522356654392425	62
refC	0.0004331890856420955	0.0005904082904697286	0.0007320170777967457	0.9975123279770045	0.0007258844137786465	62
refN	0.0	0.0	0.0	0.0	1.0	62
refA	0.9976079939803303	0.0006427278228376433	0.00052551302232014	0.0002925486062916021	0.0009255085290861202	63
refT	0.00025974517275925035	0.99630334035102	0.00238938537334062	0.00047220253773398176	0.000561711602468964	63
refG	0.00036803918136664156	0.0009312025838888733	0.9971565554336466	0.0007662195025865857	0.0007699210460773422	63
refC	0.0004101846670397314	0.0006054840514829323	0.0007481813094571908	0.9974310221883607	0.0007985450475657527	63
refN	0.0	0.0	0.0	0.0	1.0	63
refA	0.9975840944250716	0.0006161622843975251	0.0005944324232706531	0.0003409173767904802	0.0008585709574128524	64
refT	0.0002910117284083601	0.9959871412645416	0.002641355238793841	0.0005392899384460751	0.0005251631555136304	64
refG	0.00034072904658333946	0.0009339073413170623	0.9972002702401876	0.0007903881368471102	0.0007268886327111242	64
refC	0.0005083268248324568	0.0005896369915902056	0.0008258236664579521	0.9972850759041751	0.0007837857571138099	64
refN	0.0	0.0	0.0	0.0	1.0	64
refA	0.9976256494310201	0.000501704333459003	0.0005874324525743278	0.00035265430817894963	0.0009269352879344491	65
refT	0.00030877355554976774	0.9961600834447375	0.0024691603415494742	0.00048286563792410955	0.0005644284639183878	65
refG	0.0003606208298338022	0.0011734487319988802	0.9968512059067034	0.000841968979323365	0.0007628717698937288	65
refC	0.00046220224997401495	0.0006512849885997483	0.0009271688674717979	0.9971918319734185	0.0007596481955314552	65
refN	0.0	0.0	0.0	0.0	1.0	65
refA	0.997361808012541	0.0006447913446527893	0.0007050747538387269	0.00042198386430156366	0.0008594002813547273	66
refT	0.0003047453797443159	0.9962653277603747	0.0024355607658169028	0.0004694726120385407	0.0005109976018460432	66
refG	0.0003613137154155028	0.0010451530562092558	0.9970604927777971	0.0007571647712751345	0.000767260301558803	66
refC	0.0005406733031017835	0.0006159499723344504	0.0008011195893520328	0.9972937250453295	0.0007412279328092539	66
refN	0.0	0.0	0.0	0.0	1.0	66
refA	0.9976561228884528	0.0005948635489960365	0.0007008504734560045	0.00040914772190176824	0.0006335344538665654	67
refT	0.0002809453205129067	0.9962913279137362	0.002461632144446222	0.000609611018433508	0.00034278017574541247	67
refG	0.00047409589753602413	0.0012286279844627769	0.9967448445440313	0.0010550750219719108	0.00048679489479145336	67
refC	0.0006095561172600452	0.0006194945322153721	0.000926481127502134	0.9972916442908061	0.0005455085542146057	67
refN	0.0	0.0	0.0	0.0	1.0	67
refA	0.9978738267786786	0.0005848542031698712	0.0005944893630243996	0.000463451189002814	0.00047886744477005933	68
refT	0.00026825726380304017	0.9974929350679023	0.0015468032619540659	0.0004340951930061838	0.00025163955719577217	68
refG	0.00031466083907113795	0.0006031435717303676	0.9979371069446361	0.0007733012634077716	0.00036754061402319277	68
refC	0.0006280456346685609	0.0007501195882848776	0.0007335484633595857	0.9974831559728945	0.0003988117398686904	68
refN	0.0	0.0	0.0	0.0	1.0	68
refA	0.99798003930258	0.0006634941419037103	0.0005843438834439157	0.0004665956594389126	0.00030145499672650167	69
refT	0.0003205799944607749	0.9975898552100185	0.0014089207057440913	0.000481579239466518	0.00019327001878442733	69
refG	0.0003645734725075614	0.000576850158216542	0.9981669985541861	0.0006295281563900237	0.0002586959118222467	69
refC	0.0006511427854574128	0.0006582027155749661	0.000629419923557249	0.9977891663709454	0.00026719120137201597	69
refN	0.0	0.0	0.0	0.0	1.0	69
refA	0.9978844627184916	0.0006339410110739485	0.0006067721105993507	0.0004957132718172229	0.0003746448381234011	70
refT	0.00028761962322176307	0.9972941390523086	0.0015664687561474792	0.0005540754382209356	0.0002903952046280044	70
refG	0.000314902015004897	0.0006518839709617234	0.9979682056047393	0.0007465122893271348	0.00031437630212508916	70
refC	0.000661375293488763	0.0005762698099700239	0.0006941937479175578	0.99776279493978	0.0003003722947720202	70
refN	0.0	0.0	0.0	0.0	1.0	70
refA	0.9978779090330339	0.0005487380957676097	0.0006667046996154482	0.0005443868685765009	0.00035776756904672347	71
refT	0.00032398055027688084	0.9971690898052081	0.0016978350476169733	0.000603039427616211	0.00019806373977010995	71
refG	0.00040307485549087677	0.0007628139428395997	0.9977587580076128	0.0007941410041471808	0.00027620025719517335	71
refC	0.0007390074723720194	0.0006283509734991586	0.0007479044773065208	0.9976048751965513	0.0002741389645443232	71
refN	0.0	0.0	0.0	0.0	1.0	71
refA	0.9978604625634854	0.0005911997785812575	0.0005545248543516509	0.0006381436815951538	0.00035110127462476665	72
refT	0.0003429378012698118	0.9977219435405648	0.0011558015621636688	0.0005787729524991026	0.00019536639746805149	72
refG	0.0003413950385666435	0.0005817329568213818	0.9980446821860947	0.0007450999077919228	0.00028327410408673947	72
refC	0.0008417353397761656	0.0006851963994960422	0.0006776131982367974	0.997489632448089	0.000299536449740167	72
refN	0.0	0.0	0.0	0.0	1.0	72
refA	0.9979573879705864	0.0005834998778831688	0.000556890762930842	0.0006158109460395659	0.0002822466836014677	73
refT	0.0003763968289971623	0.9977333328171952	0.0012222363449058973	0.0004736560842510932	0.00018925176383346125	73
refG	0.00036443592681406194	0.0005800252032869155	0.9981409995828792	0.000668485668080445	0.00024260414895470984	73
refC	0.0008441585233805147	0.0007588505616386266	0.0007343175530331162	0.997407293120103	0.00024867549631949116	73
refN	0.0	0.0	0.0	0.0	1.0	73
refA	0.9976493835530035	0.0006518447639140276	0.0005937215388340001	0.0008065197926393901	0.00029301791156046927	74
refT	0.0004536063065601022	0.9971865688589495	0.0015876220729603575	0.000566155239766744	0.0001981543339183604	74
refG	0.0003879729454244275	0.0007983597336381616	0.9976361690211365	0.0009275061611384524	0.00024441761898815373	74
refC	0.0008951128279749346	0.0008796034472922006	0.0008386143697735464	0.9971275222365664	0.0002509196231885182	74
refN	0.0	0.0	0.0	0.0	1.0	74
refA	0.9975913452924019	0.0005972980443983407	0.0005787393153001093	0.0008366079722439554	0.00039022169867070663	75
refT	0.0003973248694338406	0.9972554403902325	0.0013670971494972272	0.0006316538094859351	0.00034097179100426537	75
refG	0.00041361299135691474	0.0008298671895551891	0.9973533918373032	0.0010163363925551774	0.00037980554378751175	75
refC	0.0009375930500307217	0.0007727712170282029	0.0007938467956744266	0.9971113506576419	0.00037611801891722325	75
refN	0.0	0.0	0.0	0.0	1.0	75
refA	0.9972342874289936	0.0006979255890108444	0.0006718835894208875	0.0009119434765501263	0.0004763318470453931	76
refT	0.0004424721085804008	0.9969465956361159	0.0015123668488341247	0.00072218775683903	0.00036708275250061913	76
refG	0.0003694779623764065	0.000774219490962527	0.9975190948442337	0.0008552730610564965	0.00047579498288927554	76
refC	0.0009422194801362697	0.0007527696558384077	0.0007985952770549996	0.9970827048958433	0.0004152248361454617	76
refN	0.0	0.0	0.0	0.0	1.0	76
refA	0.9969081068852735	0.0008094128889685241	0.0008161022516872723	0.0009795138266738338	0.0004773338111449561	77
refT	0.00047931343021964174	0.9960422060105948	0.0024458233150825093	0.0007609228091367806	0.0002561320527183628	77
refG	0.0004777509832781865	0.001186176859922142	0.9971369600628214	0.0008560366455637937	0.0003349018520654397	77
refC	0.0009778161132174986	0.0009288971932347945	0.0011110779986876235	0.9965656077807857	0.00040484623433961986	77
refN	0.0	0.0	0.0	0.0	1.0	77
refA	0.9967568631616491	0.0008751863777871675	0.0007780513747031311	0.0010228315824749028	0.0005565835676715283	78
refT	0.0004738935778215078	0.995978640377901	0.002356512525109541	0.0008366437697654534	0.0003382031864740545	78
refG	0.0004715359828141783	0.0012647690655209452	0.9966742607612343	0.0011090225563909774	0.00046938775510204083	78
refC	0.0010370260343228858	0.0009201626476219393	0.0013351914975879178	0.9962166227410464	0.00047673708686881485	78
refN	0.0	0.0	0.0	0.0	1.0	78
refA	0.9964883787802543	0.0007988376088033318	0.000869059911878079	0.0011127171648287117	0.0007187182026106673	79
refT	0.0004937314497030537	0.995751355183439	0.00230490534220258	0.0009085931907501039	0.0005234402188828937	79
refG	0.0004727128014283563	0.001280465506485684	0.9963718953041898	0.001190117667304838	0.0006716931615290296	79
refC	0.0011884693143060755	0.000924670981797915	0.001196179495214456	0.9959901113003994	0.0006845539192226375	79
refN	0.0	0.0	0.0	0.0	1.0	79
refA	0.9958754241865739	0.0009325541664914942	0.001024758548731688	0.001228277029738541	0.0009220438224019385	80
refT	0.0006143998464857048	0.9945837728857214	0.0031401897340741767	0.0009214284368098495	0.0007110316126368308	80
refG	0.0005616565601855048	0.0016480879176925505	0.9956331808403958	0.001295076758851755	0.0008430117226048852	80
refC	0.0012080732464447008	0.0009632086784037296	0.0015190568511649278	0.9954406268293782	0.0008483408604440061	80
refN	0.0	0.0	0.0	0.0	1.0	80
refA	0.9958240955356243	0.0009258888460549368	0.0009379509727622705	0.0013316587884896433	0.0009630401963135245	81
refT	0.0005452982528306464	0.9941704416460678	0.003670831113994055	0.0010371565737268902	0.0005424856248340988	81
refG	0.0005502581412353849	0.0016476089885696138	0.9956476585102212	0.0014175873686476312	0.0007180262034720602	81
refC	0.0014035045349059317	0.0009638458988247227	0.0017410701543690323	0.995083716915202	0.0007838109017777358	81
refN	0.0	0.0	0.0	0.0	1.0	81
refA	0.9949401016032122	0.0010839625582829133	0.0012785319621269483	0.0016240684696764757	0.0010478617291359478	82
refT	0.0006164370218438563	0.9939157216855663	0.003678793174942879	0.0011594721184004363	0.0005927814250688099	82
refG	0.0006036026650654356	0.002106589006264799	0.994753787440244	0.0016993011715545569	0.0008093406072776786	82
refC	0.0014144318828538558	0.0012256553441580065	0.0019902281690234963	0.9944750762497712	0.0008642512922004662	82
refN	0.0	0.0	0.0	0.0	1.0	82
refA	0.9953010749121626	0.001009551022517294	0.0012128966076214883	0.0016478169296443414	0.0008066838976133449	83
refT	0.0006301941377787401	0.9943500333198712	0.0033681718465171672	0.0011157026077606078	0.000504155310222992	83
refG	0.0005110640426153585	0.0018622903363664438	0.9953177739682022	0.0016423716283030698	0.0006446789550793942	83
