errmodel	readA	readT	readG	readC	readN	pos
refA	1.0	0.0	0.0	0.0	0.0	0
refT	0.0	1.0	0.0	0.0	0.0	0
refG	0.0	0.0	1.0	0.0	0.0	0
refC	0.0	0.0	0.0	1.0	0.0	0
refN	0.0	0.0	0.0	0.0	1.0	0
refA	0.994293260650484	0.005155916204093231	0.00033955911138409516	0.00017888195611376575	0.0	1
refT	0.00020781234855093536	0.9991214542880714	0.0003877096055054764	0.0002822525928079868	0.0	1
refG	0.0003909888165527158	0.005030333729379717	0.9943296192006535	0.00021708632799643325	0.0	1
refC	0.00045537252566425415	0.004545990691450791	0.0001914304884958011	0.9947801004327725	0.0	1
refN	0.0	0.0	0.0	0.0	1.0	1
refA	0.9989728523012504	0.00029889217310787004	0.0005299943688098314	0.00018025971264752985	1.6947494351477165e-05	2
refT	0.0002439589550394529	0.9984708813482039	0.0008447872365027894	0.0004121908738491871	2.584695248559259e-05	2
refG	0.0006210354011124178	0.0015855777357237785	0.9972612205421061	0.0005016457961768097	2.304009919809982e-05	2
refC	0.0004299175938202265	0.00045751724181856203	0.0005509314350436976	0.9985425281979865	1.698439876820648e-05	2
refN	0.0	0.0	0.0	0.0	1.0	2
refA	0.9994530710267461	0.00014590500145905002	0.00027194500271945004	0.00010480500104805002	2.3975000239750002e-05	3
refT	0.000165251233130945	0.9992280955175371	0.00034362415226732484	0.00022183850402938274	4.059521607931403e-05	3
refG	0.0002428344912730882	0.0002004708417051974	0.9994360943516334	9.758769275460554e-05	2.2694812268512915e-05	3
refC	0.0003192454894593692	0.00028975398927836513	0.00015556766345479654	0.999205310327424	2.9491500181004084e-05	3
refN	0.0	0.0	0.0	0.0	1.0	3
refA	0.9996149561911437	9.346413405847764e-05	0.00018030482554588206	9.714382437574054e-05	1.3982823205599017e-05	4
refT	0.00014340236803958597	0.9993996823373059	0.00014124269382212231	0.00025959284093913	5.571959481056202e-05	4
refG	0.00018456562626339567	9.740963608345882e-05	0.999596282871623	0.00010033924919875082	2.123969508586696e-05	4
refC	0.00022210086897881247	0.00022943093066128152	8.576172168488798e-05	0.9994389356646228	2.3456197383900986e-05	4
refN	0.0	0.0	0.0	0.0	1.0	4
refA	0.9812282678352888	0.0002300162834698237	0.00023282136009750447	0.0001809274424854101	0.017782082012025364	5
refT	0.00020689523108573788	0.9813644526520894	0.00019773689087671125	0.0002206327413992778	0.0176693522805516	5
refG	0.0002595598449952475	0.00012722088177231848	0.9814187302178365	8.335161219565694e-05	0.01777217225999854	5
refC	0.0003716958309939662	0.00046930503030960855	9.292395774849155e-05	0.981002465104214	0.017709432250235628	5
refN	0.0	0.0	0.0	0.0	1.0	5
refA	0.99177437205048	0.0001969100164187152	0.00019118172503198894	7.80479701441453e-05	0.007692379295950027	6
refT	0.00010586851041665736	0.9916657770763151	0.00016974697872712994	0.00017957443539027957	0.007810147831750368	6
refG	0.0002155147475729279	0.0001063109660846322	0.9916656153581948	7.087397738975481e-05	0.00787279712107011	6
refC	0.00032066122251907643	0.000303784316070704	5.796850475745317e-05	0.9915531665820627	0.007693668004834133	6
refN	0.0	0.0	0.0	0.0	1.0	6
refA	0.9875074795656074	0.0038746192570672244	0.0038984608448880747	0.004484385927394418	8.09169041192484e-05	7
refT	0.0048665628103783725	0.9861044412850783	0.0045238710730758245	0.00425771098926516	5.697356426618049e-05	7
refG	0.005050682295413735	0.003853813893909351	0.9867744093376981	0.004072423333157861	7.603806582556868e-05	7
refC	0.005451383418555811	0.004177252557821527	0.003993704294570489	0.9861242820798922	6.347710770765045e-05	7
refN	0.0	0.0	0.0	0.0	1.0	7
refA	0.9995235970147326	0.00017211185549488613	0.00023235100491809628	6.0239149423210144e-05	1.1474123699659074e-05	8
refT	0.00010189932767497314	0.999234327092769	0.0004880219866747681	0.0001579018507360121	1.7263935680470655e-05	8
refG	0.00024319888084430423	0.000379860487602735	0.9992176251983511	0.00011755837140510174	4.1145429991785606e-05	8
refC	0.0002276353816798152	0.0002462330435817609	0.0002030864679692469	0.999306198137008	1.6365942473712205e-05	8
refN	0.0	0.0	0.0	0.0	1.0	8
refA	0.9901108846817056	0.0003067866478250364	0.00021013787094459536	0.0004327229328510657	0.008842630896856718	9
refT	0.0002775885551452902	0.9902881222801204	0.00024786187729413544	0.00043250222845412484	0.008660511709170931	9
refG	0.00026155440816049753	0.00011326572661081375	0.9902446328550834	0.00018629231350462787	0.009100006930074062	9
refC	0.0008067846185779027	0.0005610820301928141	0.00016135692371558054	0.9894605537878636	0.008900301224038955	9
refN	0.0	0.0	0.0	0.0	1.0	9
refA	0.9994256768398443	0.00020018023395975158	0.00025757958419910686	5.309439897140364e-05	6.313928526329082e-05	10
refT	0.00013627607598753997	0.9991851969825891	0.00046773466080884686	0.00014858488285093068	6.154403431695354e-05	10
refG	0.000216938595233443	0.00016418982721435243	0.9995131371213991	5.349170841372568e-05	5.2005827624455514e-05	10
refC	0.00028390724029658744	0.00022138880655252026	9.782296103483453e-05	0.9993427570055626	5.3692301921375345e-05	10
refN	0.0	0.0	0.0	0.0	1.0	10
refA	0.9933801418800746	0.0018812201634436443	0.002399205899691376	0.0022800041612243247	1.589356512894016e-05	11
refT	0.0023693036051200553	0.9925532240151959	0.003113050361914011	0.0018773193999075018	3.205804986180843e-05	11
refG	0.002084864516946244	0.0017814508182596132	0.9944802684778455	0.0016098600614780961	1.3255938292134367e-05	11
refC	0.0028323610119989112	0.002165100898263064	0.0025837017854909547	0.9923340319018732	2.6484414657652157e-05	11
refN	0.0	0.0	0.0	0.0	1.0	11
refA	0.9991700484260614	0.00015969912099552622	0.00020731583138410055	0.00012380344701029328	0.0003384449261464822	12
refT	8.617880260828932e-05	0.9987891038614645	0.0005948847442183854	0.00018323454146811029	0.0003451335541351392	12
refG	0.00020342786976503715	0.00013733217200744384	0.9992738892637031	5.434535148957671e-05	0.00033047848878796647	12
refC	0.0002760309067904326	0.00019365519115140296	0.0001596932733002241	0.9989511397494164	0.0004183819241666504	12
refN	0.0	0.0	0.0	0.0	1.0	12
refA	0.9989955714158832	0.0001514869526451786	0.0002647414839084788	0.00011469726414563523	0.00047249501896472375	13
refT	0.00015028560706153424	0.9985413933391729	0.000538881248177787	0.00024045697129845476	0.0005268583996128642	13
refG	0.00023645098888237006	0.00016699351089817386	0.9991095609780629	8.275784610882952e-05	0.0004034444997805439	13
refC	0.0003433384761974831	0.00021999629252149653	0.0001305551768734127	0.9988200061671648	0.00048471314286703494	13
refN	0.0	0.0	0.0	0.0	1.0	13
refA	0.9985693179480466	0.0002039885507834525	0.0003799645893114309	0.00013216159628223683	0.0007125233886520595	14
refT	0.00018945184561196965	0.9981120731986843	0.0008986276159049899	0.0003032075296959425	0.0004930822588918674	14
refG	0.00036823994006577525	0.0011405727961063669	0.9976393480917128	0.00028458299627801296	0.0005616966225749757	14
refC	0.00036688449676887364	0.0003450893781489406	0.00036252547304488705	0.9984122514231161	0.000510732279660432	14
refN	0.0	0.0	0.0	0.0	1.0	14
refA	0.9985875633933278	0.00012045721177326887	0.00022047319973046787	0.00010804646874208359	0.0009614675630630006	15
refT	0.00011692448234629583	0.9985223843190774	0.00041007687153826777	0.0002002016316432979	0.0007482325686836701	15
refG	0.00019809870267860962	0.00010655309007713093	0.9986888808076194	8.479224773743518e-05	0.0009199583692574826	15
refC	0.0003574982572855494	0.0002521831394078425	0.0001003001122644828	0.998447958164472	0.0008396552255283846	15
refN	0.0	0.0	0.0	0.0	1.0	15
refA	0.9978890935283283	0.0001302889867956843	0.0002758632737182366	6.841991485359958e-05	0.0016318877564018112	16
refT	0.00015340244070910915	0.9974990643263426	0.0007123466929061118	0.0002584958255042999	0.0013704516388211574	16
refG	0.000247729087660921	0.0003682257133811877	0.9977180921089644	0.0001609116430425922	0.0014998461984063011	16
refC	0.0003614707924441868	0.00021688247546651206	0.00022332452919324015	0.9977020763100066	0.0014909775458638436	16
refN	0.0	0.0	0.0	0.0	1.0	16
refA	0.9985150477563525	0.00014899482476913	0.00018354434935327607	0.0001691487141098819	0.000981062541837315	17
refT	0.00019172629255827486	0.9988339257424633	0.0001507627454698329	0.0002098853907521203	0.0006123416832808338	17
refG	0.00022221191385061073	0.00011596918062910662	0.9987272102080887	0.00011896193367759969	0.0008140288291901162	17
refC	0.00044187055647531697	0.0002129931603925139	6.71469963271315e-05	0.9984452635133718	0.0008303123201742067	17
refN	0.0	0.0	0.0	0.0	1.0	17
refA	0.9993471329779728	0.00010301701022717808	0.00016877254867005771	0.00012566614013528106	0.000254985365739611	18
refT	0.00014714234845073822	0.9993715176334736	0.00015723210948736027	0.00016648105710426382	0.00015723210948736027	18
refG	0.00023789725672395342	7.606746139762773e-05	0.9993798896188597	7.383018312122693e-05	0.0002319311813202179	18
refC	0.0004100574080371252	0.00019431291809424747	8.572628739452094e-05	0.9991040727152602	0.0002050287040185626	18
refN	0.0	0.0	0.0	0.0	1.0	18
refA	0.9993957281621254	0.00011932618540378816	0.0001477025343717622	0.00013606095530797798	0.00020081723885027766	19
refT	0.00014733758037075033	0.999385364060906	0.00010258748432691211	0.00019968674932769313	0.00016464657978393303	19
refG	0.00023071948009225802	7.516989512683245e-05	0.9994482017035003	6.326179292852236e-05	0.00018234281491162329	19
refC	0.0004083267241988551	0.00018917234600121784	7.424122258161003e-05	0.9991297644147952	0.00019773864091448054	19
refN	0.0	0.0	0.0	0.0	1.0	19
refA	0.9688016968071903	0.003625773476721107	0.0027032948342637394	0.005877197913468621	0.018048150502390517	20
refT	0.003618236524045081	0.9712609909134787	0.0025825726282149354	0.0037236303058119573	0.01801171230897377	20
refG	0.002927667384909185	0.002144332591330897	0.9733160949594527	0.002792532851798997	0.018125847375197318	20
refC	0.006715650510423907	0.004298533357078434	0.0033018136277725755	0.9669514798763814	0.017675258946062238	20
refN	0.0	0.0	0.0	0.0	1.0	20
refA	0.9994546267780449	0.00010316202583879506	0.00025461265951702615	0.00013535443106508572	5.194683570605993e-05	21
refT	0.00012748863120131264	0.9992238422064826	0.0003357200621634566	0.0002630515423787084	4.929560406450755e-05	21
refG	0.00026741423136709177	0.00019570538720161464	0.9993729015746972	0.00011951474027579521	4.407106047669948e-05	21
refC	0.0003530987284139695	0.0002059742582414822	0.00014784215051479212	0.9992480236380573	4.4496181222898594e-05	21
refN	0.0	0.0	0.0	0.0	1.0	21
refA	0.8564639413435691	0.014200318992673024	0.013824223587631317	0.01695400403922117	0.08054093968777559	22
refT	0.017102043017471834	0.8530832720550336	0.016198106012293885	0.014262259859632963	0.08053470955459703	22
refG	0.015987083273742764	0.012034534930109671	0.8612013314029191	0.013181684744563459	0.08067835394539748	22
refC	0.0215650757705461	0.015465593568315783	0.015246187733703183	0.847689980312921	0.07990113069537981	22
refN	0.0	0.0	0.0	0.0	1.0	22
refA	0.9223034075913021	0.007236555074023443	0.006737005904423955	0.008377446845641488	0.0497440446758384	23
refT	0.008231644935512093	0.9210794001809848	0.007401733553467107	0.006562120763130415	0.05095223732114131	23
refG	0.007787926684358984	0.005759398010253126	0.9248914605973485	0.006093853460411373	0.0502201769081435	23
refC	0.010964003899424283	0.0075354534920080195	0.007325767469236853	0.9170455324119446	0.050774918608714845	23
refN	0.0	0.0	0.0	0.0	1.0	23
refA	0.972698375671502	0.0025751819694502173	0.0026142557296508647	0.004287055010693677	0.017099562152713525	24
refT	0.0029339110309656263	0.9746384235494422	0.0024994187904397776	0.0025703829539725563	0.01673056343804393	24
refG	0.0019529564997644694	0.001189486406033246	0.977351672898444	0.001742238753894652	0.01726205881926296	24
refC	0.004673857561687222	0.0032217780537949496	0.002978145568168145	0.9707583851576652	0.01753705493165212	24
refN	0.0	0.0	0.0	0.0	1.0	24
refA	0.9992119917219038	8.012271886977437e-05	0.0002090474574147749	0.0001129001947710457	0.0003853174389282785	25
refT	0.00012511452368900832	0.9989866440031165	0.00029193388860768605	0.00025022904737801664	0.0003450526863844229	25
refG	0.0001821411706505363	7.645431854466956e-05	0.999271654768861	7.570476640207476e-05	0.0003935148748622698	25
refC	0.00033857859089208805	0.00022399413327577004	7.910023848352275e-05	0.9989847129742138	0.00037258430089435015	25
refN	0.0	0.0	0.0	0.0	1.0	25
refA	0.9990107278495669	6.940473152297838e-05	0.00020387639884874903	0.00013591759923249933	0.0005790957286448509	26
refT	0.00011223489344135404	0.9987578548993691	0.00036981612398300564	0.00023737034934723155	0.0005211827235667476	26
refG	0.00028109481223907636	0.00012939285007830499	0.9990129639664854	8.031280349687895e-05	0.0004952622882307535	26
refC	0.00037302567316021304	0.00022705910540186881	9.952265983523471e-05	0.9987193114545965	0.0005794430417073665	26
refN	0.0	0.0	0.0	0.0	1.0	26
refA	0.9991195182095719	9.34329568224745e-05	0.0002652058543653315	0.00012649384923658086	0.00039457456381183464	27
refT	0.00014101473861972367	0.9989330838267301	0.00041702529408881695	0.00022441979743748704	0.0002833192461902375	27
refG	0.00022272971600476344	8.983431878858793e-05	0.9992837825789771	0.00011507701993579445	0.00028806376603282736	27
refC	0.0003669150380565151	0.0002395139831757807	0.00012521703679706467	0.9989578664684426	0.00030940256185321214	27
refN	0.0	0.0	0.0	0.0	1.0	27
refA	0.9989924894009741	8.273559861004195e-05	0.00023309855608394427	0.00014748519752224868	0.0005431771908746232	28
refT	0.00012397627458230615	0.9987760804453678	0.00047163002358583604	0.0002696267230426379	0.0003571903855098611	28
refG	0.00019887074069704195	0.0001306016804577589	0.9991184041853148	0.00014024839549157063	0.00041109847144090014	28
refC	0.0003724802328218856	0.0001760947404196852	0.00012246918160875228	0.9988994662012068	0.0004282798007738023	28
refN	0.0	0.0	0.0	0.0	1.0	28
refA	0.9990863742107966	7.666305084551464e-05	0.0002006135909976084	0.00015619201013385227	0.00047932318706214293	29
refT	0.00017496964834102613	0.9990268573631311	0.00021742551889436336	0.00023415055880931439	0.00034565082490898793	29
refG	0.000225958564385226	0.00010668207629990999	0.9992022118602032	5.630442915828583e-05	0.00040820711139757227	29
refC	0.00044989569274092936	0.00019468743916017527	7.36458103190176e-05	0.9988743597099615	0.00040614570641280006	29
refN	0.0	0.0	0.0	0.0	1.0	29
refA	0.9990181774539418	8.956301914048393e-05	0.0002376309136872517	0.00021090646442759118	0.00044275911881545686	30
refT	0.00012605881980931588	0.9988811979213141	0.00039472963778674667	0.00023853554455500176	0.0003582277573032411	30
refG	0.00020633826119122455	0.00010504493297007795	0.9991702073655548	0.0001298055243130249	0.00038791593103950213	30
refC	0.00043688721488029146	0.0002097348921933625	0.00012627637107835666	0.9988323961744445	0.00039334363864637536	30
refN	0.0	0.0	0.0	0.0	1.0	30
refA	0.9151533289532855	0.008000247134070953	0.00610219999612057	0.00945431503990425	0.05465398715621244	31
refT	0.008772035036736485	0.9159715218146391	0.006511130606426143	0.007604743529992324	0.05462710069634828	31
refG	0.008734314686414734	0.0065947895112595445	0.91666045355446	0.0072217482847497004	0.054377518423058775	31
refC	0.011237494463529611	0.008447330859470427	0.006564024794688468	0.9124677364169724	0.054238199797171274	31
refN	0.0	0.0	0.0	0.0	1.0	31
refA	0.9992255411486197	0.00012669700196020419	0.0001972441962334997	0.0003793711365512932	7.054719427329552e-05	32
refT	0.00024117996971900125	0.9991685295897014	0.00017333442469822958	0.00034535570981541195	7.090953737654846e-05	32
refG	0.0002645480586796399	8.262389225238036e-05	0.9994774531262561	8.11078575321532e-05	9.399415265408408e-05	32
refC	0.0008026908975442976	0.00025624079250034153	0.00013439718799729728	0.9987445443501908	6.0552579207573504e-05	32
refN	0.0	0.0	0.0	0.0	1.0	32
refA	0.9987681637466505	8.163265306122449e-05	0.00027113702623906703	0.00021428571428571427	0.000663265306122449	33
refT	0.000692315383619084	0.997724664534958	0.0005767185432098036	0.00023119368081856063	0.0007699424589304255	33
refG	0.00023316905513539704	0.0001385387567849924	0.9988335527527473	0.00012794016336974706	0.0006654402580000454	33
refC	0.0005072711316342818	0.00022676271196423627	0.00016933579140186475	0.9983953654378234	0.0006986942001755202	33
refN	0.0	0.0	0.0	0.0	1.0	33
refA	0.999065863448048	0.00010258021521759559	0.00020731246292227362	0.0002797642233207153	0.0003436078537708272	34
refT	0.0002066750548280603	0.9989960485010535	0.00032628454463652873	0.00025527961782443443	0.00021470537393180906	34
refG	0.0002494613218133954	8.667085198954824e-05	0.9993816169810994	0.00012887578861054566	0.0001529928952511156	34
refC	0.0005800101465434157	0.0002449416283021693	0.00011265861242384641	0.998914392736618	0.00014681961102978693	34
refN	0.0	0.0	0.0	0.0	1.0	34
refA	0.9992066515252626	0.00014666742981426896	0.00020247259823140542	0.0003906361789199554	5.294336490856538e-05	35
refT	0.00026046673945617934	0.9992430150549302	0.00017703267819948448	0.0002795252813676071	3.938765328361736e-05	35
refG	0.0002487868820915536	8.493328603125545e-05	0.9994630537352358	0.00015032440005531938	5.261354001936178e-05	35
refC	0.0007879101196656801	0.00028924209783266134	0.00011935813151069317	0.9987521408629144	4.9793576335749296e-05	35
refN	0.0	0.0	0.0	0.0	1.0	35
refA	0.9993439260588104	0.00010939391453168609	0.000183522685563026	0.00036128779667701593	1.4393936122590276e-06	36
refT	0.0002112791323024916	0.9993423477100414	0.00019958779691816398	0.0002463531384554744	0.0	36
refG	0.00021027249197107015	8.698322509594628e-05	0.9995959320802688	0.00010664899772633413	0.0	36
refC	0.0006803654658978609	0.00028390917520390997	0.00011908210929268857	0.9989132852513546	2.1783312675491814e-06	36
refN	0.0	0.0	0.0	0.0	1.0	36
refA	0.999185836142679	0.0001223851864970264	0.00022749246431211966	0.00045714466720948096	6.4792157557249275e-06	37
refT	0.0002658798214685173	0.9992111126509813	0.00017853148268478968	0.00033874111869787064	5.113073489779179e-06	37
refG	0.0002375363185490226	7.842468929872492e-05	0.9995360234417555	0.00013950545692561646	8.294919060442058e-06	37
refC	0.0008227297460085605	0.00029752119020115054	0.00012657380707824006	0.9987457846857543	5.8194853829075895e-06	37
refN	0.0	0.0	0.0	0.0	1.0	37
refA	0.999075199945197	0.00014187127498788035	0.0002003307953346451	0.0005710497048507144	1.0693814697578921e-05	38
refT	0.00029643506436875686	0.9992031417782401	0.00016436003568960774	0.00032285007010458665	1.257857415991896e-05	38
refG	0.0002743360503876406	0.00011349244824255816	0.9994465120861155	0.0001473147010300755	1.8038534820009245e-05	38
refC	0.0009920971532343843	0.00035774507012540995	0.00010769233038826773	0.9985322003624069	8.113805714184554e-06	38
refN	0.0	0.0	0.0	0.0	1.0	38
refA	0.9989287303294586	0.0001733196978915407	0.00021287398579209979	0.0006148893846359639	6.904021160824857e-05	39
refT	0.00034002168424353773	0.9990490482929032	0.00022011268092214217	0.0003354097995004071	5.4504092418816156e-05	39
refG	0.00025011785856668823	9.853127761718022e-05	0.999429709409643	0.00017053490356819652	5.0781504618085186e-05	39
refC	0.0009887835550605548	0.0003200940111725964	0.00014396922420319976	0.9984995952566716	4.531011117055018e-05	39
refN	0.0	0.0	0.0	0.0	1.0	39
refA	0.9696959079694594	0.004481061228653853	0.004393211174526885	0.005436076333195418	0.015102416159875762	40
refT	0.004814716600229252	0.9697713707094003	0.00507219722502609	0.004265538656310414	0.015189218319618142	40
refG	0.005066088985371374	0.003875228121913812	0.9712588204357098	0.004227176810222289	0.014769708747290222	40
refC	0.0061381152298574685	0.004500120740268771	0.004596858425488707	0.9689690004971979	0.014861963324052334	40
refN	0.0	0.0	0.0	0.0	1.0	40
refA	0.9986665346497979	0.00017997727875777264	0.00024684630722903995	0.00090344325700542	1.4227452866227087e-06	41
refT	0.0003054132607408922	0.9989606841292508	0.0002582971654199832	0.0004745263885891548	0.0	41
refG	0.00030797705872850765	0.0001426658433815881	0.9993693062897913	0.00017965328425829612	0.0	41
refC	0.001326580725276119	0.00047635972680843406	0.00020057251655091962	0.9979924649087742	0.0	41
refN	0.0	0.0	0.0	0.0	1.0	41
refA	0.9544745457176275	0.005349817672274292	0.004835883422701189	0.006059090185009122	0.027298342075501483	42
refT	0.005936591404664626	0.9543250841555934	0.005571012019832369	0.004714511746796793	0.02745772753347558	42
refG	0.006198536990325847	0.004661245130453341	0.9549923168261507	0.004811632377614782	0.027397822119229743	42
refC	0.0076766009623368825	0.005607657140599657	0.005107979407132004	0.9518442858654594	0.027551045043423678	42
refN	0.0	0.0	0.0	0.0	1.0	42
refA	0.9987439340158102	0.000164839164072769	0.0002718775823018398	0.0008156327469055194	2.1407683645814156e-06	43
refT	0.0002813353768808717	0.9990601980230077	0.00025196753874958555	0.00040561666288573483	0.0	43
refG	0.00031543707605947714	0.00013814762455159583	0.9993633483728521	0.00018266185912933227	0.0	43
refC	0.001123231276612715	0.00038197180872432394	0.00019025415760215368	0.998300194828898	1.4634935200165667e-06	43
refN	0.0	0.0	0.0	0.0	1.0	43
refA	0.9989287478323715	0.00012886836488116342	0.00023993723185056397	0.0006820767599787545	1.9223457744703936e-05	44
refT	0.00028919864331812913	0.9989987113517269	0.0002675087450692695	0.00039977459517506086	4.3805088620246034e-05	44
refG	0.00030438172367021804	0.00013350075599570966	0.9993373974989046	0.0001975811188736503	2.6700151199141933e-05	44
refC	0.0009686283912137363	0.0004131240663211671	0.00017926633592150643	0.9984076786096928	2.877114033308128e-05	44
refN	0.0	0.0	0.0	0.0	1.0	44
refA	0.9988618932876351	0.00013323157530407934	0.00027515216638885953	0.000728429156282086	0.0	45
refT	0.000321501069385663	0.9989862865948252	0.00030363989886423724	0.00038713048665043654	4.1537605863780744e-07	45
refG	0.0003071503250487442	0.00012256120026275926	0.9993591325481398	0.00020700885654136776	3.736621959230465e-06	45
refC	0.0010016393129855016	0.0003911163031657673	0.00020179546598609005	0.9984029022639394	0.0	45
refN	0.0	0.0	0.0	0.0	1.0	45
refA	0.9982274173838321	0.00025288064823655263	0.00027802503087370983	0.0012277642836257625	1.0776163987353093e-05	46
refT	0.0004908890399679648	0.998753815933809	0.00028451181382226336	0.00044205492267011365	2.7177247887499784e-05	46
refG	0.00041554391595264765	0.00020436586030458083	0.9990802654047969	0.0002853552938326925	1.3624390686972056e-05	46
refC	0.001421279078246919	0.0004929628819368482	0.0002413767957412674	0.9978265413359098	1.3126230584117261e-05	46
refN	0.0	0.0	0.0	0.0	1.0	46
refA	0.9983909727751731	0.0001958726124886369	0.0002647508938033224	0.0011393615700804225	6.457338873251765e-06	47
refT	0.0003848336630497941	0.9988263616448889	0.000262617257971343	0.0005201597863200514	4.651835487415093e-06	47
refG	0.0003635876098432256	0.00015149483743467733	0.9992700198754713	0.00021133529822137486	3.0298967486935464e-06	47
refC	0.0014163620253610219	0.00046209636249479227	0.00019950827079140236	0.9979162333142475	1.466972579348547e-06	47
refN	0.0	0.0	0.0	0.0	1.0	47
refA	0.9865043972379048	0.0041154285218848894	0.003940580610667168	0.0052324321199947975	2.745545713336127e-05	48
refT	0.004361871869060825	0.9871429772658631	0.0045020718679595565	0.0038074253477362358	2.2448942421851206e-05	48
refG	0.00454823456384416	0.0036574530495003714	0.987521315121837	0.004091052932656613	2.8145957327685884e-05	48
refC	0.006128632870871452	0.004380298410558718	0.004172128695467359	0.9850709552549736	2.8386779330639745e-05	48
refN	0.0	0.0	0.0	0.0	1.0	48
refA	0.9983735244501396	0.00019534316110696352	0.0002834251682970125	0.0011450660934706372	0.0	49
refT	0.0003556204406885935	0.9987188076733539	0.000389225721567061	0.0005330052777306312	1.7015332090363324e-06	49
refG	0.00028543070351437505	0.00018495909587731504	0.9992558044586225	0.00027249117828839005	7.611485427050001e-07	49
refC	0.0012733530097733124	0.00044487132643855707	0.00025306614799045787	0.9980233514897572	1.458594512913302e-06	49
refN	0.0	0.0	0.0	0.0	1.0	49
refA	0.9982877128910247	0.00020143734834160632	0.00026929744796023254	0.0012100527237258194	2.85726735236321e-05	50
refT	0.00040133439523194753	0.9987482200798338	0.00032015160781469676	0.00048626408052999454	4.2464842649023494e-05	50
refG	0.00033803056555931906	0.0002506743519878096	0.9990343519779437	0.0003365113270624232	3.950020091929121e-05	50
refC	0.0014874403703638507	0.0005141497532667946	0.0002376384023658223	0.9977233281311222	3.2271881802765996e-05	50
refN	0.0	0.0	0.0	0.0	1.0	50
refA	0.9982895022836925	0.00018069980899522198	0.0002714125645149117	0.0012264364546262054	2.9028081766300718e-05	51
refT	0.0005529865646750683	0.9985074601968534	0.0003447837918305396	0.0005675607587741853	2.498433274134345e-05	51
refG	0.00033732349548098957	0.00018815154970161862	0.9990576053722496	0.00038080074600965047	3.523156508357002e-05	51
refC	0.0015606828483674948	0.0005822236532769929	0.00025288502112031004	0.9975674299429403	3.087549676468902e-05	51
refN	0.0	0.0	0.0	0.0	1.0	51
refA	0.9977782769512124	0.00025007440974872207	0.00035745506407886495	0.0015199046978675932	8.936376601971624e-05	52
refT	0.0005393990816320085	0.9982338385896355	0.0004838169748596236	0.0006568794436736404	8.295208359211998e-05	52
refG	0.0004603545106454155	0.0004422718457428133	0.9985520467147909	0.0004550804000488232	8.815299140018595e-05	52
refC	0.0016833436265456321	0.0006337293652877675	0.0003660080477761527	0.9972130873828398	9.608628107951103e-05	52
refN	0.0	0.0	0.0	0.0	1.0	52
refA	0.9978901693119332	0.0002427913244482244	0.0003016933617403972	0.0014747058848881794	8.61981033543992e-05	53
refT	0.00046682884303480003	0.9985743318181569	0.0003788511801003787	0.0005312335436518644	4.672497887904671e-05	53
refG	0.00032920437558793146	0.0001787535071065691	0.999118863259058	0.00034335569490053484	2.904744490481748e-05	53
refC	0.001627301469220755	0.0005542419062969556	0.0003335783510602183	0.9974162271589153	6.199243692269544e-05	53
refN	0.0	0.0	0.0	0.0	1.0	53
refA	0.9976811245857987	0.0002455802773034708	0.0003127537060953025	0.0016988376829934213	5.633900479314918e-05	54
refT	0.00047654121336253026	0.9984001413249964	0.0004931021590918971	0.0005862574788195855	4.140236432341705e-05	54
refG	0.00037564669715828145	0.00019044762690260177	0.9989521910915227	0.0004101372122666267	7.048061783009672e-05	54
refC	0.001896154917395957	0.0006508641540964862	0.0002873184103669173	0.9971023185861785	5.4971634636527554e-05	54
refN	0.0	0.0	0.0	0.0	1.0	54
refA	0.9972656910007944	0.00027318721283076444	0.00034919205419575407	0.002023449644641515	8.102402900230022e-05	55
refT	0.0005651772947636493	0.9980990728476821	0.0004606871811359387	0.0007618894519980032	0.00010956655639504878	55
refG	0.00037175870522400157	0.0002254682613833194	0.9988804556085173	0.0004139868745800748	0.00010707857229575706	55
refC	0.0020038894735189368	0.0007127536902895343	0.00036294936892817474	0.9968146263449742	9.566673506959938e-05	55
refN	0.0	0.0	0.0	0.0	1.0	55
refA	0.9816777260572447	0.0024207066604116844	0.0023191585523530556	0.0039003055024772015	0.009352437726695424	56
refT	0.0024641648676889012	0.9830405226487842	0.0027842791497495454	0.0024279890092694326	0.009000217055150517	56
refG	0.0027505122298364664	0.002140528607785	0.9830636719892024	0.0023848199729045124	0.009378405090197883	56
refC	0.004532619344199799	0.0027890200528694767	0.0023834115736574655	0.980413869159132	0.00950483257752737	56
refN	0.0	0.0	0.0	0.0	1.0	56
refA	0.9963618500054583	0.00030455770607135785	0.0004017261170560292	0.002476344205318303	0.0004423338111988769	57
refT	0.0005780392957498568	0.9972383056609258	0.0007254897265697695	0.0010161897212346684	0.0004343696452073779	57
refG	0.00045441228348151556	0.0003266088287523393	0.9982907953753399	0.0005635310226070111	0.0003617360940872591	57
refC	0.0023002627293357523	0.0008190496814029319	0.00044708916961472994	0.9960082024857406	0.00040952484070146594	57
refN	0.0	0.0	0.0	0.0	1.0	57
refA	0.9084534860754493	0.004200234945299349	0.0028153542238505812	0.010009040193598346	0.06684400358758195	58
refT	0.0041799014634328726	0.9141239220911397	0.0028266806704837265	0.00432180907562911	0.06775621121970868	58
refG	0.004056909614672603	0.002966488165653756	0.9146605813005673	0.003954565020423767	0.06765128186604297	58
refC	0.008384887170180341	0.005000808736130917	0.0030323895110633617	0.9087271417062398	0.06722081167429154	58
refN	0.0	0.0	0.0	0.0	1.0	58
refA	0.9943359834338983	0.0005256352149529463	0.0004988466433919834	0.004426630446587208	0.00018100386189839746	59
refT	0.0007987652402776836	0.9969519099211888	0.0007270866829824804	0.0013910790670284645	0.00012189646869363898	59
refG	0.0005786337400497427	0.00024027366866717306	0.9983839091577211	0.0006402228766384801	0.00015435302132732953	59
refC	0.0034614853124738066	0.001214238303328508	0.0005587912589944627	0.9945845360527319	0.0001517797879160635	59
refN	0.0	0.0	0.0	0.0	1.0	59
refA	0.9871802453220425	0.0004269521383003802	0.0004919072499392414	0.0032353484257873254	0.008503280962970478	60
refT	0.0008450053344611193	0.9888613642171958	0.0008249854647404216	0.0009705466008346617	0.008375395913777757	60
refG	0.0005923944783040288	0.0011115973608330422	0.988796494317297	0.0007273414830142129	0.008648044488291632	60
refC	0.002829581800705671	0.0011628726478257806	0.0006957742212651994	0.9864237507228887	0.008706174846262387	60
refN	0.0	0.0	0.0	0.0	1.0	60
refA	0.9959337918524677	0.00031041562716860804	0.000537671409645395	0.0027629141503644696	0.0004387398702706423	61
refT	0.0006733478685556774	0.9967008271021324	0.0011485269023781964	0.0010505079088542688	0.00041594146817110195	61
refG	0.0004468558079951773	0.0005696846388606307	0.9977622316358367	0.0007799253984401493	0.0004363060924607212	61
refC	0.0025601724135423743	0.0009088939269889144	0.0007387489838565896	0.995353328896801	0.0004173640912733095	61
refN	0.0	0.0	0.0	0.0	1.0	61
refA	0.9877743852271689	0.002774382049748138	0.0026349404519352758	0.006533525228091774	0.0001351066258601307	62
refT	0.003161838309518882	0.9901312576429756	0.003356127064845984	0.0031601488420812548	9.41878096477038e-05	62
refG	0.00323903864671477	0.0025159114296946705	0.991165427930746	0.0029015291660058045	0.00010072666016704089	62
refC	0.006033152769533272	0.003559436010102227	0.002865802326082306	0.9872915945732513	9.053744928260024e-05	62
refN	0.0	0.0	0.0	0.0	1.0	62
refA	0.9946794021119241	0.0004984528400582205	0.000525259170119491	0.004195552902292376	7.317403611319806e-05	63
refT	0.000886534438838302	0.9970375255136839	0.000833550968846554	0.0011910850931215774	4.2553653064238495e-05	63
refG	0.0005522970775338403	0.0003856363897259291	0.9982698689936716	0.0007331575548859234	5.605180083225714e-05	63
refC	0.0032988685620095066	0.0012735813840462705	0.0006594809350722355	0.9946754575088853	6.441101252647805e-05	63
refN	0.0	0.0	0.0	0.0	1.0	63
refA	0.9933015648591801	0.0005721890131039954	0.0006523821702435705	0.005383778441478502	4.5515035133272357e-05	64
refT	0.0010932487561075616	0.9955541210057816	0.0010413099391893576	0.002221545656964805	7.00962894993647e-05	64
refG	0.0005486022923685476	0.0004972406123503253	0.9978456217932364	0.0010532866264606443	5.0617307844045096e-05	64
refC	0.004054967004849254	0.0015416788178899223	0.0008206655304357001	0.9934974471377188	4.323148776402349e-05	64
refN	0.0	0.0	0.0	0.0	1.0	64
refA	0.9136422112103648	0.014625682963083213	0.012518181548056902	0.020182152477872323	0.03216693614372174	65
refT	0.014474107159385997	0.919612154292808	0.014195160207270628	0.013632217489426942	0.03210498503026764	65
refG	0.016883823145975342	0.012763437255559281	0.9173828465245921	0.014240697284612806	0.03242447945766752	65
refC	0.020955433210972572	0.015408428185978651	0.01296728002364703	0.9111648226554554	0.03225620916555397	65
refN	0.0	0.0	0.0	0.0	1.0	65
refA	0.9909267731539617	0.0007353437079162578	0.0008288933512310481	0.007349811123995339	7.75954405789345e-05	66
refT	0.0009642581370314216	0.9944634926109457	0.0016519330769544406	0.0028162726757238556	7.355936093308578e-05	66
refG	0.000631968920939337	0.0008458776412097776	0.9970091186874751	0.0014500759563596188	5.404009775253238e-05	66
refC	0.004968406855199308	0.0018420782571725968	0.0011698992831068304	0.9918898647325503	6.450572488308337e-05	66
refN	0.0	0.0	0.0	0.0	1.0	66
refA	0.989569079201978	0.0008368436684971719	0.0005875249589708123	0.008772405260697037	0.00012646601207858815	67
refT	0.001310873143000191	0.9946083462222286	0.0011197393815046794	0.00285812631404461	7.400090323388175e-05	67
refG	0.0007019473721794858	0.00055912691117327	0.9971163069224633	0.0015049326236878371	0.00010939439566433545	67
refC	0.005669884309024711	0.0021709803556126976	0.0009427966333059837	0.9910214125684064	0.00011502846954621269	67
refN	0.0	0.0	0.0	0.0	1.0	67
refA	0.9467311409933719	0.012652179812519667	0.010946697730546823	0.019261193534324723	0.007714726184599128	68
refT	0.012413403521229908	0.9537166980482527	0.01251874412180563	0.011936642874799548	0.007367127101618426	68
refG	0.014915843375066665	0.011898661475174448	0.9505290976298242	0.012769131506614304	0.007555262166627507	68
refC	0.019527785557578305	0.014300488960463053	0.01131304555851188	0.9442263533752951	0.0076859566820706715	68
refN	0.0	0.0	0.0	0.0	1.0	68
refA	0.9853618548022454	0.0011753154765570938	0.0011673447797370395	0.011970537406117872	0.00011376358188622917	69
refT	0.0014787814267414802	0.9915976072639546	0.0019250309274524004	0.004873314490750446	5.5253955191994844e-05	69
refG	0.0008572360186383095	0.0010886371525038654	0.9959680978096475	0.0019759252664493902	9.391279783504706e-05	69
refC	0.00699687329036372	0.002880340858450268	0.00156734019542841	0.9883398979136291	8.115677387331572e-05	69
refN	0.0	0.0	0.0	0.0	1.0	69
refA	0.8971311423465443	0.011135260773255263	0.00909754324672974	0.022503239374707308	0.05053783675849923	70
refT	0.010832501368715983	0.9102317230161474	0.010482968879155797	0.010653441113007632	0.05040481788026151	70
refG	0.012420017240271721	0.009620340532715432	0.9081437826084474	0.010915601848324451	0.05117253269152911	70
refC	0.01854334566804065	0.012441902659386075	0.009854004289262286	0.8986287273249414	0.051201710490005846	70
refN	0.0	0.0	0.0	0.0	1.0	70
refA	0.9823606156594714	0.0015722407823955233	0.0015585251832837166	0.013976917368568468	0.0002259464485260784	71
refT	0.0016228216361366564	0.9884685187528492	0.0028874915067479048	0.006645514577547997	0.0002441943855855053	71
refG	0.0009904675051920276	0.0015732730798934341	0.9943890084996159	0.0028015433778716577	0.00021439997825803037	71
refC	0.007983544936459913	0.0033869808625599986	0.002228413080060213	0.9860083711368958	0.0001996255911135559	71
refN	0.0	0.0	0.0	0.0	1.0	71
refA	0.86527936533743	0.024501322034815167	0.019938346465960072	0.038990706647163274	0.035295442068412466	72
refT	0.021747859528094465	0.8869276828330945	0.022091000000852522	0.023662625992230107	0.03408429235056765	72
refG	0.02347381468856523	0.02442829162918458	0.8806449793266142	0.022804402177019744	0.03592187880775375	72
refC	0.03695704203989021	0.02799021986391905	0.022097695149870183	0.8602829429180945	0.03554429105289232	72
refN	0.0	0.0	0.0	0.0	1.0	72
refA	0.9037853663897142	0.012976160726241102	0.010762150740282738	0.02825010865977211	0.03578146604408973	73
refT	0.012293823104564056	0.9162744162464039	0.013185154358842467	0.01665139470293338	0.03512680899533742	73
refG	0.013774416574282538	0.012132397917120988	0.9159953050676441	0.013976534557996084	0.03761142133773231	73
refC	0.02433549286528419	0.01628815078513394	0.012849951778262612	0.9011614343598894	0.03647461783095654	73
refN	0.0	0.0	0.0	0.0	1.0	73
refA	0.982090531668761	0.0013780411912448593	0.0011660348541302657	0.01475895816913058	0.00029132843603502	74
refT	0.0017170447158643813	0.9902986070359389	0.002364945773033631	0.005270878237366998	0.0002553115056963974	74
refG	0.0010468904369466613	0.0014471270586740765	0.9946243094772801	0.002618756633941137	0.00023417286089596372	74
refC	0.009221100273904345	0.003669606405239032	0.002006456846348115	0.9846291681410599	0.00024098243719997687	74
refN	0.0	0.0	0.0	0.0	1.0	74
refA	0.9723061839507344	0.004353136771732528	0.0026326915369188643	0.01963051460216902	0.00033119303498116523	75
refT	0.004918398428155628	0.9820028355911757	0.004059008862907146	0.008385326614856414	0.0003162587652202191	75
refG	0.004529316683546185	0.003883665705948022	0.9853993804181986	0.005662208922145753	0.00031531791929212627	75
refC	0.013605993086471634	0.006483074404331972	0.00347865167227716	0.9755120772802426	0.00033487859009547323	75
refN	0.0	0.0	0.0	0.0	1.0	75
refA	0.8394230608666611	0.019024145643633236	0.01633570092005672	0.03346491388991405	0.06953482064685261	76
refT	0.017787565571877766	0.8566491802313313	0.018442962445372864	0.019261028221981676	0.06988625194537415	76
refG	0.02050717781002161	0.019761218608480857	0.8498206105236118	0.019064394444167337	0.07123761480662012	76
refC	0.030463557974192906	0.02251779955386402	0.018006580036029056	0.8362291308739027	0.06973638667430701	76
refN	0.0	0.0	0.0	0.0	1.0	76
refA	0.9678313050553649	0.0028212098427448638	0.00244419167089741	0.025477288582418815	0.0004234313937604921	77
refT	0.0025856025637524013	0.9815689607594238	0.004431160932949915	0.010750800197171704	0.0003299201125109955	77
refG	0.0013268322894717276	0.002311033710431692	0.9906477486280708	0.005225312372806913	0.00040241880529905084	77
refC	0.013764571132579725	0.00636764912735075	0.003720415847081159	0.9751558622036254	0.000389233344273544	77
refN	0.0	0.0	0.0	0.0	1.0	77
refA	0.8789766693378679	0.023738883182057916	0.01953334427882527	0.041883215475569516	0.022802462445096976	78
refT	0.02213455471337213	0.9014889610849769	0.020965590454670814	0.023529518728755697	0.023047212734610044	78
refG	0.02493448009968616	0.01938536510360251	0.8993183383407872	0.022982013712175245	0.024170239845081497	78
refC	0.03786266751363099	0.02688697485349296	0.02097625551617188	0.8773574686477801	0.02351861043271933	78
refN	0.0	0.0	0.0	0.0	1.0	78
refA	0.9677182183216909	0.0025880391689503	0.0020513912649799517	0.026198431380292257	0.0004343956752243555	79
refT	0.002766874278413465	0.9825904756437571	0.003822244677517875	0.01023311760006463	0.0002893826489241334	79
refG	0.0015691945687335324	0.0026674788603059853	0.9904225797076778	0.004812399219504192	0.00043749083813674475	79
refC	0.014386551506678126	0.006328055368312371	0.0034217837151766894	0.9748772176711549	0.0003707053030407247	79
refN	0.0	0.0	0.0	0.0	1.0	79
refA	0.9794704392009161	0.001486562931880187	0.0011335400390974644	0.01694438278279425	0.0005520905686318035	80
refT	0.0022942989181406566	0.9900514887756531	0.002228796131082136	0.004922491913170526	0.0004049263199981285	80
refG	0.0013739257749377299	0.0019068105530727685	0.9932085728619868	0.0029582996992094665	0.0005065787594682877	80
refC	0.01154879801325941	0.004118781847836627	0.0021303045959295552	0.9813565431214246	0.0005043554019575068	80
refN	0.0	0.0	0.0	0.0	1.0	80
refA	0.9773199968422117	0.0016665235813086755	0.0010569078123884024	0.018892317326290167	0.0005612793706745237	81
refT	0.0023299123317493697	0.9897022597662621	0.0022686777308597982	0.005162976104374591	0.00043121149018041083	81
refG	0.0013068453411749041	0.0016314995358342678	0.9933924784944941	0.0031148849459944478	0.0005109189284616254	81
refC	0.011682308790471604	0.004287171917976876	0.002163444006444117	0.981022605696088	0.0004910353552676901	81
refN	0.0	0.0	0.0	0.0	1.0	81
refA	0.975504329070617	0.0019045992227868641	0.0012526512078119883	0.0202893908983502	0.0004633386001622753	82
refT	0.00263019778710638	0.9878254599846004	0.002584820025805391	0.006485167037251717	0.0003279185392128071	82
refG	0.0014611248485030411	0.0020209600498298356	0.9921598524848185	0.0038423005774707608	0.00045477229491157833	82
refC	0.012755965644355998	0.004976934309519839	0.0024888280637018717	0.9789464374550881	0.0003977216540312446	82
refN	0.0	0.0	0.0	0.0	1.0	82
refA	0.9592296712013028	0.005469747699808086	0.0041543376569507205	0.02898873946500029	0.0005603987709581328	83
refT	0.005452650520221564	0.9763914500841329	0.005748619024450709	0.011463931051986741	0.0003988407478643469	83
