errmodel	readA	readT	readG	readC	readN	pos
refA	1.0	0.0	0.0	0.0	0.0	0
refT	0.0	1.0	0.0	0.0	0.0	0
refG	0.0	0.0	1.0	0.0	0.0	0
refC	0.0	0.0	0.0	1.0	0.0	0
refN	0.0	0.0	0.0	0.0	1.0	0
refA	0.9985486139543696	0.00031051610390030627	0.00035532003071558096	0.0001624142347053706	0.0006210322078006125	1
refT	0.00037008145420242006	0.9982274873937159	0.0005182349775350882	0.0002606292594137958	0.0006204306732217042	1
refG	0.00046105331053980183	0.0006565583871293004	0.9979460655161138	0.00031403965058470645	0.000618073135832155	1
refC	0.000565907696976978	0.0004663205882910852	0.00021735281657635328	0.9981129849284273	0.0006338798505244922	1
refN	0.0	0.0	0.0	0.0	1.0	1
refA	0.9988955425306904	0.00015838280277109454	0.00025812769764602047	0.00011425324322036973	0.0005724752451306355	2
refT	0.00023101297694623447	0.998803618363909	0.0003646348715252075	0.00024962697221096703	0.00034967719675890453	2
refG	0.00022181543267441102	0.00041523234974690784	0.9985480355051053	0.0002033947739056018	0.0006094167942681051	2
refC	0.00023616357971310953	0.0002686470460677008	0.00019577872965064472	0.9987183352775139	0.0005794348052440605	2
refN	0.0	0.0	0.0	0.0	1.0	2
refA	0.998997466601485	0.00018588564652999377	0.00025066397789650675	0.0001002655911586027	0.00046471411632498444	3
refT	0.00018768902248032126	0.9989305451774243	0.0002909643659867913	0.0002609712273037745	0.0003286876950520288	3
refG	0.00023549907022582273	0.0003917035168059887	0.9986979943979731	0.00025398127573721645	0.0004191287249841858	3
refC	0.0002212358341616187	0.00027897299088184603	0.00012842470373284208	0.9989445095048162	0.00042574408086223697	3
refN	0.0	0.0	0.0	0.0	1.0	3
refA	0.9990408651185831	0.00019480211790266563	0.0002609061398936603	0.00011465830363039779	0.0003878492617701721	4
refT	0.0002611845875722974	0.9989209218726597	0.0003646175873829955	0.00022182800588332107	0.00023028479203136558	4
refG	0.0002295111807558832	0.0002481660304232333	0.998985957893486	0.00020916043566422853	0.0003261772199412429	4
refC	0.00022969849110101768	0.00026186756725030027	0.00013827059046621457	0.9990509589833511	0.00031830454295079597	4
refN	0.0	0.0	0.0	0.0	1.0	4
refA	0.9991578053640267	0.0001636222663109165	0.0002246242959111537	9.406855031812273e-05	0.00035917082848737773	5
refT	0.00015564905174178013	0.9989561268716218	0.00038175652196749366	0.0002344343742283602	0.00027094464562458023	5
refG	0.00021568514532397865	0.0002700138972947541	0.9989982619137222	0.00019286706949625296	0.00032216949918669857	5
refC	0.0002067011090219162	0.00045744364752293385	0.00013682204091507521	0.9988930425105772	0.0003047666919953821	5
refN	0.0	0.0	0.0	0.0	1.0	5
refA	0.9991834081777358	0.00020132460966051122	0.0002036861886594615	9.033039670984814e-05	0.00032058434910750024	6
refT	0.00012625505519910988	0.9989331905140327	0.0004940270365706596	0.0002348543902780276	0.00021053613426342334	6
refG	0.0002000463090627057	0.00028349104019107185	0.9990746210537261	0.0001751786739582257	0.0002658073885612194	6
refC	0.00022504187522545053	0.0005045733086168697	0.00012042192354679072	0.9988904526560404	0.0002582805057066914	6
refN	0.0	0.0	0.0	0.0	1.0	6
refA	0.9991908124102774	0.00026229032142859233	0.00020315790521366415	0.00011065372935268739	0.00023243137858739097	7
refT	0.00014400041607343697	0.9987179574807132	0.0007180517361314272	0.0002480187753138429	0.00017033006325616471	7
refG	0.00019873104055348278	0.00034693724028828354	0.999086912962296	0.00014427648989334766	0.00022230929960220108	7
refC	0.00021011630954425095	0.0006721462590259641	0.0001468554851653367	0.9987609267204937	0.0002084218231769586	7
refN	0.0	0.0	0.0	0.0	1.0	7
refA	0.9991994089754496	0.00021939821363974578	0.00023998517738610262	0.00010058202287505772	0.00023998517738610262	8
refT	0.0001260054315306114	0.9987748551460364	0.0006835319765693216	0.00021528566191159737	0.00019882264070659287	8
refG	0.0001830624866636118	0.00037470602738958044	0.9991021884728558	0.00012528338931040934	0.0002139542812880963	8
refC	0.00020426539727381245	0.0004991910530636732	0.0001578160055649729	0.9989608052722746	0.0001768434672288349	8
refN	0.0	0.0	0.0	0.0	1.0	8
refA	0.9991997033164295	0.00027580612941402964	0.00021002304821899853	8.992366145008844e-05	0.00022390388186565647	9
refT	0.00015545703572103235	0.9987005020961341	0.0006849029237709417	0.000274279729007805	0.00018317171217129837	9
refG	0.0001787192906004678	0.00033422828372035537	0.9991829106962623	9.980427916649501e-05	0.00020367036039209156	9
refC	0.00018304879168324213	0.0005947694781440299	0.00015411706776978138	0.9988631388507955	0.00020363482600628153	9
refN	0.0	0.0	0.0	0.0	1.0	9
refA	0.9992451871987923	0.00020796729062646816	0.00023924927863156365	8.052215430941246e-05	0.00022650476499985807	10
refT	0.00013256034432129944	0.9987887116663363	0.0006983748772977826	0.00021243214672248743	0.00016645552097054308	10
refG	0.00022402270096703132	0.0003389061373603807	0.9991215194953107	0.0001125857676654824	0.00020219484805229494	10
refC	0.0001761046888581225	0.0006398659112851396	0.00015062330301048417	0.9988253455507978	0.00020668235187528843	10
refN	0.0	0.0	0.0	0.0	1.0	10
refA	0.9993057351483731	0.00018211808536655168	0.00022258877100356315	6.995647088683413e-05	0.0002191198550918193	11
refT	0.00016317942633792731	0.9988452134337074	0.0006376796013558611	0.00018781632011835947	0.00016477922463535797	11
refG	0.0001944944187048061	0.0003513634290292182	0.9991808321679213	8.740671792983846e-05	0.00018523277971886295	11
refC	0.00020851896838943595	0.00042387462426705014	0.0001469887809958319	0.9990305303113253	0.00018914835383959764	11
refN	0.0	0.0	0.0	0.0	1.0	11
refA	0.9993022407869061	0.00018336788047499996	0.00021956671772087373	8.60464164041262e-05	0.00020829167005412616	12
refT	0.00012330696703237247	0.9989009840129388	0.0005819333903313497	0.00024850128560095476	0.0001440678339306801	12
refG	0.0001589184267075756	0.0003004370256734458	0.9992808703384263	9.975901238577739e-05	0.00015949842096563244	12
refC	0.00018875311484646865	0.0003651840678928711	0.00014506545028259758	0.9991372651023454	0.0001629885947190575	12
refN	0.0	0.0	0.0	0.0	1.0	12
refA	0.9992827892152489	0.00016955996566847705	0.0002825999427807951	8.973276533658236e-05	0.0001748040883180176	13
refT	0.00013188681180728896	0.9984351032626368	0.0010586766053962873	0.0002227421710523102	0.00014914607359935392	13
refG	0.00017765509348293104	0.0003787630045873711	0.999150873919154	0.00011433248590485661	0.00017765509348293104	13
refC	0.0002172591562787896	0.000344503009956137	0.00020392355589339076	0.9990784394314466	0.00015502635448026163	13
refN	0.0	0.0	0.0	0.0	1.0	13
refA	0.9993656309181373	0.00013306913202898468	0.00029054395639516303	6.391967040693587e-05	0.00014643415402316217	14
refT	0.0001506949939627424	0.9984803405704232	0.0010091520411605406	0.00024590396504380556	0.00011160256875065022	14
refG	0.0001839338266807623	0.0003631056125413107	0.9992291461393565	9.464556130175148e-05	0.00012857510214577558	14
refC	0.00018178776557185077	0.000307254781687392	0.000219706685997881	0.9991745827289668	0.00011598728600903362	14
refN	0.0	0.0	0.0	0.0	1.0	14
refA	0.9993532119565249	0.00011295211894626909	0.00034003910153981534	7.155605441098722e-05	0.00012182270420382949	15
refT	0.00015545772903654116	0.9979663209210067	0.001514438614425649	0.0002730067085744176	8.66485702826623e-05	15
refG	0.00021004913013552323	0.0005002017421023901	0.9990414003394892	0.00013409916217691596	0.00011333159281323428	15
refC	0.00016168780065544056	0.00026892970925343685	0.00027992887936605185	0.9991831949516604	0.00010559203308110403	15
refN	0.0	0.0	0.0	0.0	1.0	15
refA	0.9993718530393934	0.00011419007904881421	0.0003191466311877115	6.968522772722508e-05	0.0001247307017302432	16
refT	0.0001666164784018173	0.9980504214222692	0.0014337364018160233	0.00026710001932622735	7.833221720624937e-05	16
refG	0.00017471176984793584	0.00037185275339256615	0.9992309132698177	0.0001086046136892574	0.0001133265534148773	16
refC	0.00018803251395553815	0.0002417560893714062	0.00025350812149362733	0.9992086303536465	0.00010744715083173609	16
refN	0.0	0.0	0.0	0.0	1.0	16
refA	0.9993595167858028	0.0001238097907848139	0.00031536456143301656	8.059316569954868e-05	0.00012030574010222483	17
refT	0.00012562041019208763	0.9978816558102859	0.0015900228061622868	0.0003137321919518128	8.449088502767316e-05	17
refG	0.0001589060670924957	0.00046377029951439485	0.9991388120672339	0.00014360400137247757	9.416655827703448e-05	17
refC	0.00019343904252172535	0.00022043053682708235	0.00025698151869892	0.9992459192413272	8.266145131015589e-05	17
refN	0.0	0.0	0.0	0.0	1.0	17
refA	0.9993625763917983	0.00010736924944695839	0.0003017135892280451	0.0001025706237733513	0.00012536409572298495	18
refT	0.00015829951287067408	0.9978547012557387	0.0016062463650036406	0.00029302927935818946	8.31311325135733e-05	18
refG	0.0001583026164991643	0.0004891372981715752	0.9990908610768074	0.00015415236063589036	0.0001067208650556164	18
refC	0.00018179217605780664	0.0002161852904471214	0.00027241530286139793	0.9992154403095405	0.00011355186972980114	18
refN	0.0	0.0	0.0	0.0	1.0	18
refA	0.9993923777889624	0.00010425200950165772	0.0002626915041680189	7.362430049552099e-05	0.00016668541632185952	19
refT	0.00012187153846546505	0.9985958704213634	0.0009066987233477793	0.00022811034032148563	0.0001454801611001363	19
refG	0.0001799450638305129	0.0002716817630382254	0.9992785234800591	0.00010055753566999251	0.00016877200431162487	19
refC	0.0001757008955804087	0.00019546724633320468	0.00014440417355514838	0.9993137468214774	0.0001702102425935209	19
refN	0.0	0.0	0.0	0.0	1.0	19
refA	0.9993964286240045	8.533176401353538e-05	0.00021656613211711048	8.650875386199794e-05	0.00021480064734441667	20
refT	0.00014350666069952916	0.9989600212366492	0.00046647690826938674	0.0002353252400285344	0.00019358952215171383	20
refG	0.00014766197035715012	0.0002098660287359496	0.9993368256636833	5.115847791901264e-05	0.0002540483505750969	20
refC	0.00020255104231225226	0.0001777825724642866	9.191854365800578e-05	0.9992762372267437	0.00025098716112605167	20
refN	0.0	0.0	0.0	0.0	1.0	20
refA	0.9993206313807087	9.835760787100759e-05	0.00023869712154061599	8.816200217706169e-05	0.0002536906593258306	21
refT	0.0001351560271140841	0.9988958580315956	0.0004928094762225803	0.00028306262282383655	0.0001918960573648081	21
refG	0.0001773745725272802	0.00021166698988255437	0.9992947346498287	7.804481191200329e-05	0.00023768192718655548	21
refC	0.00023292621017111117	0.00022803964632136758	0.00011564867777726499	0.9991881718706443	0.00023455506478769236	21
refN	0.0	0.0	0.0	0.0	1.0	21
refA	0.9991479465511883	0.00010015624374023476	0.00022682443435288461	9.131892811609641e-05	0.0004330284655827797	22
refT	0.00017368866679825883	0.9985418138535161	0.0006204094247691077	0.0002834209460091214	0.0003785438981061118	22
refG	0.00016522669454037097	0.00021561497727254085	0.9991831603193004	7.675424462690992e-05	0.00035857708176846467	22
refC	0.00023336563128451983	0.00020675862344210426	9.645040342875641e-05	0.9990828808305449	0.0003797041744178054	22
refN	0.0	0.0	0.0	0.0	1.0	22
refA	0.9993209642782099	0.00010024402598989493	0.00023429816725448814	0.0001008371859069949	0.0002431955660109877	23
refT	0.00019909750984302297	0.9987213307375963	0.0005768394948100424	0.00023648821393874316	0.0002646111366774045	23
refG	0.0001447783190141231	0.0002324528388951857	0.9992923353453098	0.0001026714772291391	0.0002272615844285438	23
refC	0.00025906851468873813	0.00020937649355232067	0.00010050071690511392	0.9991936696079379	0.00023673502204315725	23
refN	0.0	0.0	0.0	0.0	1.0	23
refA	0.9989465277794357	0.00010672695845459364	0.00021822383684011885	0.00012819159814378566	0.0005992211913232771	24
refT	0.00014352366398820332	0.9985546141078061	0.0005173302405327598	0.00027769410043560237	0.0005047517621158162	24
refG	0.00016882722526593218	0.00018113754377490642	0.9990541427024058	9.027566906581096e-05	0.0005047230588679431	24
refC	0.00025056253746155586	0.00024346599500621766	0.00010753991259243246	0.9988610739788195	0.0005360618993186227	24
refN	0.0	0.0	0.0	0.0	1.0	24
refA	0.9989163424689953	0.00011257364686476468	0.00023936712280718387	0.000100131296421817	0.0006304124224426822	25
refT	0.00017678021650610785	0.9982895280516736	0.0007528056410765717	0.0003065514615817526	0.0004714139106829543	25
refG	0.00016789635198537437	0.0001987939445382384	0.9989226716342826	0.00011717766232312586	0.0005923010195039596	25
refC	0.00026735827697119553	0.00024013238318594142	0.00012251652203364358	0.9988099028296291	0.0005586753404734148	25
refN	0.0	0.0	0.0	0.0	1.0	25
refA	0.9990976632304834	0.00010768848721802388	0.0002206731295451309	0.00010827694889681089	0.0004648847262417424	26
refT	0.00019066150232918382	0.9983706280958629	0.0007889662840490469	0.00031167057030578703	0.00033542301335689746	26
refG	0.0001749414149680107	0.00023131788424341615	0.9990989088594885	0.0001005477235530427	0.00039347288349947927	26
refC	0.0002509069239856565	0.0002206440274522988	0.00015516612404376125	0.9989496006609749	0.0004225800825021583	26
refN	0.0	0.0	0.0	0.0	1.0	26
refA	0.9989814599780966	0.00013248745491010284	0.00022846725557831068	0.0001466194501005138	0.0005099294931206625	27
refT	0.0001905813616485193	0.9983566606686312	0.0008062571369243329	0.00026485436328600194	0.00037895033601421994	27
refG	0.00017477033904288354	0.0002256967954527304	0.9990517538498968	0.00010937613933478474	0.00043750455733913894	27
refC	0.00027692248638007475	0.00021002240056152202	0.00012063949901706226	0.9989586752724626	0.00043265711238391877	27
refN	0.0	0.0	0.0	0.0	1.0	27
refA	0.9990952727119112	9.085990399332209e-05	0.00020399513928823283	0.0001184109716558133	0.0004906434815639392	28
refT	0.0001662179973431143	0.998627389283995	0.0005802992314287982	0.00028266817943476774	0.0003415438301570841	28
refG	0.00017209030236497118	0.0002454308003527274	0.999039299139242	9.701735166884282e-05	0.00044524034605165365	28
refC	0.00025759834100187934	0.00019009353465966776	0.0001501306893050785	0.9989826136126515	0.0004185297993217117	28
refN	0.0	0.0	0.0	0.0	1.0	28
refA	0.9991275727160468	9.6720810661936e-05	0.00022587847855805784	0.00012208053540866312	0.00042698699341001014	29
refT	0.00018010944372781683	0.9986200367455331	0.0006457660660347881	0.00025606307035324846	0.000296123000008012	29
refG	0.00014709583408509263	0.0002510971855280683	0.999147151699457	8.446518597854929e-05	0.00036946336451841626	29
refC	0.00025298701496540607	0.0002192554129700186	0.00013220611749805092	0.9990044717083167	0.0003900896553337552	29
refN	0.0	0.0	0.0	0.0	1.0	29
refA	0.9990456191657294	0.00010528031329517864	0.0002444644562955843	0.00014215816314998699	0.00046156792721502044	30
refT	0.00017778909384630242	0.998646408744369	0.0006032913872315447	0.0002392470522129255	0.00033143398976286006	30
refG	0.00015961580359566638	0.000216122128226249	0.9991645235597942	6.932219207257043e-05	0.0003897188781222657	30
refC	0.00024175151405674185	0.00022768990473800518	0.00010329874537995009	0.999020678357533	0.0004056233457327883	30
refN	0.0	0.0	0.0	0.0	1.0	30
refA	0.9991434169789317	0.00011356128790329783	0.00022475671564194363	0.00013544549442632919	0.00038208641659130416	31
refT	0.0002038939584971767	0.9986570439646626	0.0006542531415513801	0.00021925802444358876	0.0002637497987467403	31
refG	0.00015645628277451484	0.0002115382699685388	0.9991865865959793	9.610048829595669e-05	0.00034865725936642823	31
refC	0.0002771992920756541	0.00020284208552281591	0.0001230174373116808	0.9990904847300486	0.0003056299886987981	31
refN	0.0	0.0	0.0	0.0	1.0	31
refA	0.9993410841449187	8.653318429078944e-05	0.0002643410972170691	0.0001558782703320385	0.00015172941903042532	32
refT	0.00018760099267356879	0.9984532877401343	0.0009702388109062578	0.00027850044273189595	0.0001079833892536865	32
refG	0.00015633415798650734	0.00029326918687979845	0.9993097136253624	0.00011183027359618773	0.0001283765895874604	32
refC	0.0002419087036552405	0.00022046679583125327	0.00017868256519989356	0.9992429127611016	0.0001154564267445466	32
refN	0.0	0.0	0.0	0.0	1.0	32
refA	0.999337016176445	0.00012542736825175253	0.00027606023634357016	0.00014283116576036892	0.0001182257968688768	33
refT	0.0002322670637327423	0.9982892133833179	0.0011173066719671202	0.00026289568752167536	9.539540117594773e-05	33
refG	0.00017011836444985961	0.00029540824097036436	0.9993248182213964	9.310532108404479e-05	0.00011609428925294475	33
refC	0.00022805953759037266	0.000235085068369223	0.00020968507247645638	0.9992190161983828	0.00010754466346086293	33
refN	0.0	0.0	0.0	0.0	1.0	33
refA	0.9993962701216428	8.611140237983798e-05	0.00028762379978571734	0.00016402171881873902	6.56086875274956e-05	34
refT	0.0001637476158633848	0.9985416694582642	0.0010047859541500305	0.00024912575020460487	3.854759050480459e-05	34
refG	0.00017383508689719485	0.0002569736067175924	0.9993909157439264	0.00013023096811027308	4.767383654036782e-05	34
refC	0.0002885599016726711	0.0002701181034454703	0.00018224835895116069	0.9992112627124854	4.718930722842554e-05	34
refN	0.0	0.0	0.0	0.0	1.0	34
refA	0.9993828093734715	0.00011850335008970703	0.0003098862604845839	0.0001451666038598911	4.325372278274307e-05	35
refT	0.00014665409631555392	0.9984058531324637	0.0010973662574953894	0.0002831503331460478	6.443892110834945e-05	35
refG	0.00016516767948554555	0.0002663257392396686	0.9993938274478362	0.0001388780142387113	3.543389663703745e-05	35
refC	0.00025593198043468807	0.0002614358939924233	0.00021575341146322092	0.9992227942172806	4.34809171061083e-05	35
refN	0.0	0.0	0.0	0.0	1.0	35
refA	0.999456300938031	0.00012235578062088362	0.0002507093936251439	0.0001427484107243642	2.759002896353258e-05	36
refT	0.0001363780526482715	0.9988909375340331	0.0006739613066920393	0.00026990168093878845	2.759276879162702e-05	36
refG	0.00022652272477139548	0.0002859194289530981	0.9993438767560474	0.00012752821780189104	1.5722656989274235e-05	36
refC	0.00027818132902878665	0.00023944040893193435	0.00020016142050040356	0.9992477530863931	3.389830508474576e-05	36
refN	0.0	0.0	0.0	0.0	1.0	36
refA	0.9994558044845279	0.00012304612267995644	0.00024312011679276417	0.0001628726454797491	1.486064283574353e-05	37
refT	0.0001151358779752121	0.9988936010908592	0.0006898531295952124	0.0002835100727857591	1.667706310504465e-05	37
refG	0.00017256852961801178	0.00027414732966072106	0.999374553149122	0.00016910561598019213	9.234436367519025e-06	37
refC	0.00025858842230096977	0.00024826661552845207	0.0002118686653306265	0.9992682464063342	1.249481872462669e-05	37
refN	0.0	0.0	0.0	0.0	1.0	37
refA	0.9994124212727097	0.00012499351448745584	0.0002771082632504917	0.000175108838692332	1.0023064840975232e-05	38
refT	0.00015092400612428734	0.9986734652496686	0.0008413143234475473	0.0002904575212203266	4.208153629880549e-05	38
refG	0.00019402540748231472	0.0003121781929342318	0.9993334987029305	0.00015058688341910994	9.266885133483688e-06	38
refC	0.00028069154078863925	0.0002544280048084157	0.0002423905508174799	0.9992109246145523	1.0943139991759816e-05	38
refN	0.0	0.0	0.0	0.0	1.0	38
refA	0.9993954682197106	0.00012942165814789855	0.0002844890826569014	0.00018787014892436885	2.38565268475389e-06	39
refT	0.00014300486216531363	0.9986637142073049	0.0008822299958198579	0.0002926099487382571	1.665770921925631e-05	39
refG	0.0001898763299351683	0.00037800533168074916	0.9992708328476104	0.0001590068652524569	1.7473281895874384e-06	39
refC	0.00028936321268465055	0.00024310812664212278	0.00027376556739124004	0.9991898802314628	3.227099026222869e-06	39
refN	0.0	0.0	0.0	0.0	1.0	39
refA	0.9993438679954372	0.00013726730834714843	0.0003198976327575176	0.0001885216251978004	1.0015211338633147e-05	40
refT	0.00015934910272824486	0.9983027011141511	0.001179053544219376	0.00033557428150917556	2.044601521767704e-05	40
refG	0.00019543834152299243	0.0003746384825633623	0.9992286709228091	0.00019079885567081456	9.858907435877956e-06	40
refC	0.00028992251595501376	0.0002952227447658915	0.0003450448955881425	0.999056730398375	1.2190526265018861e-05	40
refN	0.0	0.0	0.0	0.0	1.0	40
refA	0.9992582809147986	0.00016079208292646286	0.0003462311274693908	0.00022534364906482386	8.802486291594683e-06	41
refT	0.0001824734273071484	0.9980269222272162	0.0014078331787377907	0.0003674812077713405	1.1404589206696775e-05	41
refG	0.00016788560401000209	0.0005242843947752625	0.9990284145721755	0.00027331547137464504	5.156895686314057e-06	41
refC	0.0003288374043549415	0.0002775758521006057	0.0004199084599557297	0.9989616946104745	1.0906713245603367e-05	41
refN	0.0	0.0	0.0	0.0	1.0	41
refA	0.9993046913933925	0.0001395615144213565	0.0003161008659970895	0.00021530643891499868	2.385666913185581e-05	42
refT	0.00017780479900888165	0.9983546741616498	0.0010547202235114664	0.0003635757628479103	4.652240260805863e-05	42
refG	0.0001925108580819345	0.00047129944829205306	0.9990947323527148	0.0001995539382556638	4.108463434675431e-05	42
refC	0.00033411113546219067	0.00031477351347402525	0.0003448542587889492	0.9989762075803655	2.9006432982248064e-05	42
refN	0.0	0.0	0.0	0.0	1.0	42
refA	0.9992801877811585	0.0001550505079944275	0.00028328777024545776	0.00021567175924036908	6.528442441870632e-05	43
refT	0.0001631715913744788	0.9985671349124667	0.0008964763320574131	0.0003034475641964122	6.77194351554161e-05	43
refG	0.0001825542311463181	0.0003878548361415384	0.9991816278367949	0.00019363579789321919	5.365811266920532e-05	43
refC	0.00038696257239220696	0.0003140329173984577	0.00029280712228833665	0.9989632162416017	4.190733906357235e-05	43
refN	0.0	0.0	0.0	0.0	1.0	43
refA	0.9992287195922847	0.00014850232761256976	0.0002782217521278975	0.0002441777402641463	9.978417270409825e-05	44
refT	0.00016594341912802568	0.9986463145418467	0.0007153068867491262	0.00033577613714186447	0.00013482902804152087	44
refG	0.00016584500649414132	0.00032528897764991227	0.9992470208405764	0.0001687545680115824	9.25240562546262e-05	44
refC	0.0004037179248023396	0.0002866506674748319	0.0002127998275719649	0.9989853002700755	0.00011050273822503062	44
refN	0.0	0.0	0.0	0.0	1.0	44
refA	0.9989981086069503	0.00018552764301839667	0.00027018588789086894	0.00032782554397425427	0.000217349536481099	45
refT	0.00021617465379325848	0.9985603850058759	0.0006826904133086952	0.0003113298189784742	0.00022735059601299858	45
refG	0.00020756263964480915	0.0003081816477828745	0.9991172239166715	0.0001609904130209046	0.00020526277660165337	45
refC	0.00041404780973605405	0.00032753847760986143	0.00024864631938157256	0.9987890369439062	0.00021926579148965806	45
refN	0.0	0.0	0.0	0.0	1.0	45
refA	0.9991726281165182	0.00016071192417243738	0.00024136440272391884	0.0002739812139028268	0.0001506303643535022	46
refT	0.00017731130985883416	0.9987341211360725	0.0006214029391382995	0.0003194856995988535	0.0001460784919754432	46
refG	0.0002121506362770594	0.00025644582407117073	0.9992364911724031	0.000146290686004236	0.00014803918025926672	46
refC	0.00045623503148130084	0.0003007249910595273	0.00022595012841769888	0.9988955814579192	0.00012028999642381092	46
refN	0.0	0.0	0.0	0.0	1.0	46
refA	0.9990518644980618	0.0001686617050035514	0.00027971712343898843	0.00030228453467185794	0.0001965740294231532	47
refT	0.00025514135737792393	0.9985515644044763	0.0006721744389804188	0.00035389530915491224	0.00016512955870906244	47
refG	0.000214452203525688	0.00033339700493474443	0.999108584913738	0.00017226488479932313	0.00017050707985239127	47
refC	0.0004463465796717745	0.0003695030293253518	0.00024034046597710935	0.998762433640415	0.0001798466071937553	47
refN	0.0	0.0	0.0	0.0	1.0	47
refA	0.998975498438626	0.00015897717087826188	0.00028795864913798376	0.00034974977593217615	0.00022676743619616223	48
refT	0.00021944805390661557	0.9986246858442231	0.0006260627986637473	0.00036259470422608694	0.00016531970777214575	48
refG	0.00019501032027508203	0.00032482140696421795	0.9990857883297206	0.00020323364703366982	0.00019031127641303187	48
refC	0.00044003940523394984	0.00031676405419398825	0.0002588782371839193	0.9987904402926125	0.00019241674357976612	48
refN	0.0	0.0	0.0	0.0	1.0	48
refA	0.9989790813833826	0.00015919184191375417	0.00029272639062529154	0.000334711052228919	0.00023324812002015264	49
refT	0.0002701500436720924	0.9985679753239126	0.0006445286498667108	0.0003367134558749517	0.0001785847644466957	49
refG	0.00022578780438501194	0.0003067640588372283	0.9990516201439904	0.00021160218316710542	0.00020332723745665997	49
refC	0.0005026275437725153	0.00034701362245351643	0.000252127085063883	0.9987160297577069	0.00018055552543284529	49
refN	0.0	0.0	0.0	0.0	1.0	49
refA	0.9989818886143575	0.00016596882975437204	0.00029177438398099567	0.0003443410240099605	0.00021499165135441787	50
refT	0.00023111925660070047	0.9985719484064824	0.0006833769112174557	0.0003568156944010814	0.00015470330806200734	50
refG	0.0002471384893483311	0.0003124536615332472	0.9989857044406354	0.0002436079395004978	0.00021006771594608145	50
refC	0.0004902305227328064	0.0003551447786908775	0.00030938992990248225	0.9986489537982561	0.00019445810735067986	50
refN	0.0	0.0	0.0	0.0	1.0	50
refA	0.9989797878317709	0.00018590182709815018	0.00029230222974596605	0.0003586530426330872	0.0001823152966718193	51
refT	0.00025076718692457043	0.9983948488753529	0.0008392509873957985	0.0003805612585488456	0.0001319993107052701	51
refG	0.0002101158256213259	0.00038065304697049065	0.9990136372084243	0.00022233862988184624	0.00017228333624352482	51
refC	0.0005383307193844055	0.000380030044600673	0.00031226434477886966	0.9986113169525193	0.00015613217238943483	51
refN	0.0	0.0	0.0	0.0	1.0	51
refA	0.9988518110955031	0.000243275895482078	0.00030041333340401883	0.0004288253072904426	0.00017435754252468543	52
refT	0.0002714828126523257	0.9982677137346015	0.0008948280103118275	0.0004364384812199101	0.00012654133479157156	52
refG	0.00023593334999661285	0.0003568199921978476	0.9989857437070805	0.00026162906138238256	0.00015884621583930368	52
refC	0.0005546151396299512	0.00041555234650739707	0.00029339522627425146	0.9985981387520432	0.00013633607168877856	52
refN	0.0	0.0	0.0	0.0	1.0	52
refA	0.998818651780414	0.00019488200753346315	0.00030742784775035677	0.0004478139747577451	0.00022983045265344588	53
refT	0.00024306468582626682	0.9984118793825079	0.0007778069946440539	0.00036396569189309826	0.0002007651171240334	53
refG	0.0002039693816748407	0.0003437686208002933	0.9990170023043669	0.00020740706788284366	0.0002268872897281936	53
refC	0.0005655602859288491	0.0004037365377726799	0.0003274873818618069	0.9984941463441434	0.00020680526459279934	53
refN	0.0	0.0	0.0	0.0	1.0	53
refA	0.9988353725230082	0.00019923126467843777	0.00035147963410434843	0.0004299826995895836	0.0001825790992724788	54
refT	0.00027565659607529204	0.9984152993580828	0.0007803976692542514	0.00039491898182019574	0.00013122009196734792	54
refG	0.00023461897818695222	0.00037740477046739536	0.998987032473675	0.00024409853286117252	0.00015582017995749604	54
refC	0.0006041953816815512	0.0004207789265282232	0.0003085712127873637	0.9985169857803519	0.00014727262428487813	54
refN	0.0	0.0	0.0	0.0	1.0	54
refA	0.9987326043297072	0.0002401758063297832	0.0003263322380844475	0.00048802307576100915	0.00021126029156280686	55
refT	0.0002903782337101505	0.9982637151540406	0.0008351586367769815	0.00044006435860940947	0.00016767415707599398	55
refG	0.00024244526399988674	0.0003922776169341233	0.9988838613436892	0.0002937657943356292	0.00018640560443786912	55
refC	0.0006631483415588712	0.00044535760858171525	0.00039702001447955345	0.9983058620762819	0.0001857467099206666	55
refN	0.0	0.0	0.0	0.0	1.0	55
refA	0.998141528557022	0.00040311097026670133	0.00038349052481124237	0.000857354010508235	0.00021106842838448226	56
refT	0.0004348738390421618	0.9979883148214256	0.0007794130978168193	0.0006047662426329773	0.0001885932465233865	56
refG	0.00030083255555219356	0.00041953631054764324	0.9987403883239474	0.00033109037545299446	0.00020656780893816	56
refC	0.0009803461342375516	0.0006244521033228057	0.0003739070723567499	0.9978096304052184	0.00020687705171271273	56
refN	0.0	0.0	0.0	0.0	1.0	56
refA	0.9986678847827959	0.0002692929596908445	0.00034751330940148894	0.0005296293907888672	0.0001839073871059426	57
refT	0.00037763128772909713	0.9982628945746418	0.0007933780319804696	0.0004426517723847432	0.00012043203069223115	57
refG	0.00028242855814666055	0.00034031764149349155	0.9988883477299815	0.000318682327515383	0.00016898934431549666	57
refC	0.000729526836515758	0.0004905251341049985	0.00034244207475254615	0.9982777510854041	0.00015679382754965547	57
refN	0.0	0.0	0.0	0.0	1.0	57
refA	0.9986641634140209	0.00022946439965205705	0.0003687820708693774	0.0005496608961053101	0.00018614714053406668	58
refT	0.000371793202239875	0.9981712287014354	0.0008057689803359812	0.0005095064461518426	0.00013836437036072406	58
refG	0.0002389489094027878	0.00037472881077558784	0.9988923758537936	0.0003373745147647302	0.00015534643737848738	58
refC	0.0007246360875369191	0.0004882221894785919	0.00039420643001818737	0.9982518849790987	0.0001379997404945119	58
refN	0.0	0.0	0.0	0.0	1.0	58
refA	0.9985644944071869	0.00027300936618407254	0.0004276551945236343	0.0005656468567343203	0.00016713645293621872	59
refT	0.00026051594069139865	0.9980390007353355	0.0011157355390140648	0.0004489275897353584	0.00013198220340683372	59
refG	0.0002702826300317421	0.0004807630295575456	0.9987772513573214	0.00032656708227262545	0.00014364261248975448	59
refC	0.0006707313020495244	0.0005040177414244981	0.00043976932603412256	0.9982439368660626	0.00013846641247925774	59
refN	0.0	0.0	0.0	0.0	1.0	59
refA	0.9984821826906631	0.0002716943456525322	0.00047830147443445774	0.0006365410383859326	0.00012898017288120209	60
refT	0.00030045073936182996	0.9976999106084332	0.0013226157810643927	0.0005740190441491805	9.772555627663733e-05	60
refG	0.0002543053422412974	0.0005180512540321557	0.9987676689743827	0.0003540213581085347	0.00010443630064201774	60
refC	0.0006887363074927661	0.0005495756960340857	0.0005588168303887637	0.9980926954374465	0.00010654484314805222	60
refN	0.0	0.0	0.0	0.0	1.0	60
refA	0.9983988021104662	0.0002756678908755695	0.0005731300380810452	0.0006514715540777348	9.836867046200878e-05	61
refT	0.00029802355458576025	0.9970360301775351	0.0019464155598845345	0.0006480468569727436	6.272469578522545e-05	61
refG	0.0002943022608572072	0.0007662517616684629	0.9984211881063628	0.00041510238402596016	0.0001006667693072942	61
refC	0.000759818182896703	0.0006066681730012711	0.0007873204734060939	0.9977678824771208	7.333944135837588e-05	61
refN	0.0	0.0	0.0	0.0	1.0	61
refA	0.9982462958812393	0.00030645021165891316	0.0006140905212271814	0.0007301250673892941	9.996822438582022e-05	62
refT	0.00036123277070062665	0.9966289181647089	0.002261828109471963	0.0006691052843147686	6.758965897621393e-05	62
refG	0.0003137986351225721	0.0010006363953628187	0.9980312241965484	0.0005396163445098436	0.00011085596642647874	62
refC	0.0008033825719757997	0.0006295607849357348	0.0008892070793268317	0.997583483616912	8.854047277353303e-05	62
refN	0.0	0.0	0.0	0.0	1.0	62
refA	0.9981566993121046	0.0003272828279168629	0.0006370542130116058	0.0007753342270207601	0.00010023791408523846	63
refT	0.0003871121434101602	0.9969189821964454	0.0019523503599319291	0.0006779214295398878	5.417035722024337e-05	63
refG	0.0002815919802604022	0.0007667514962507201	0.9983111205133629	0.0005708104099861902	6.687809531184551e-05	63
refC	0.0008503981359448881	0.0006556756649717377	0.0008052929308042148	0.9976125387479999	7.040812509763626e-05	63
refN	0.0	0.0	0.0	0.0	1.0	63
refA	0.998150992385915	0.0003552414722772283	0.0006772717217706089	0.0007561483758822472	5.693352477231038e-05	64
refT	0.00036210819844561106	0.9967693161703053	0.0021062250687860474	0.0007135756395014579	3.837121604187686e-05	64
refG	0.0002993168429863503	0.0009096654738900236	0.9982002800216412	0.0005459164337833238	4.1588054504952786e-05	64
refC	0.0008142795927067728	0.0006592048115923604	0.0008745560093943535	0.9976117474779987	3.45219477392508e-05	64
refN	0.0	0.0	0.0	0.0	1.0	64
refA	0.9981477640695002	0.0003392479345963488	0.000600115834920878	0.0008873098536267818	2.2137872275246748e-05	65
refT	0.0003973068048136856	0.9967823941047536	0.0019542172026242527	0.0008034848939453801	5.227721115969548e-05	65
refG	0.00030601082645199793	0.000865858219673565	0.998232335689436	0.0005827102710599348	9.965869826980775e-06	65
refC	0.0009465130329238489	0.0006874329848089829	0.0007805058592368024	0.9975594678515951	2.0138575168592532e-05	65
refN	0.0	0.0	0.0	0.0	1.0	65
refA	0.9980134928474914	0.0003674536900275951	0.0005709942144056256	0.0009846798229497646	5.94410380926992e-05	66
refT	0.00038059900525403795	0.9972043102860252	0.0016634992266215559	0.0006688165395735962	7.498085140914962e-05	66
refG	0.00030246388130779063	0.0006488055016834426	0.9984607433900442	0.0005300430879397646	5.557846948595766e-05	66
refC	0.0010785313781162085	0.0007330981355267803	0.0006838278767875358	0.9974417055730433	5.63088671305651e-05	66
refN	0.0	0.0	0.0	0.0	1.0	66
refA	0.9980267884528562	0.0003659179952904341	0.0004677592496431115	0.0010740699732311447	6.157843286440963e-05	67
refT	0.000503184849333335	0.9973259574746665	0.0013651596442611814	0.0007317054795982557	6.686111847036828e-05	67
refG	0.00027503190429363923	0.0006377895021981807	0.998551022297992	0.00046767278553379603	6.638701138122326e-05	67
refC	0.0012065804415856863	0.0007297996653865825	0.0006160224347027055	0.9973893289499844	5.1470651976039597e-05	67
refN	0.0	0.0	0.0	0.0	1.0	67
refA	0.9979331857037408	0.00039326296579681494	0.0005215783745764404	0.0010972155556294822	5.0494489566056295e-05	68
refT	0.0004102651429148061	0.9974147494912176	0.0013310754559903125	0.0007489467443679205	8.829687933600746e-05	68
refG	0.000296582284034572	0.0005475365243715176	0.998628109233434	0.00047733953406747684	4.855291829362816e-05	68
refC	0.001219966100446258	0.0007630973174490339	0.0006305998725605489	0.9973264287206604	5.277906518379485e-05	68
refN	0.0	0.0	0.0	0.0	1.0	68
refA	0.9977638781818225	0.00041492517394706673	0.00056172618578214	0.0011810808679458171	7.340050591753666e-05	69
refT	0.00040020410724839336	0.9970768335420858	0.0015837864669830035	0.0008584362331994695	7.221965371149099e-05	69
refG	0.0003175862044763863	0.0006743589203706693	0.9984077832335708	0.0005433473001078506	5.439321734125954e-05	69
refC	0.001257225527417479	0.000809995430239685	0.0006811325208833715	0.9971781919904524	6.551433626938629e-05	69
refN	0.0	0.0	0.0	0.0	1.0	69
refA	0.9977724983912819	0.0004151691769850165	0.0005505891660445068	0.0011718580632209406	8.493446682239965e-05	70
refT	0.0004196169995035696	0.9970396597725768	0.001607050581306031	0.0008500259641986077	7.490893485842846e-05	70
refG	0.0003427394313220485	0.0007710172506321638	0.9982128089654189	0.0005776770586043416	9.256894042544216e-05	70
refC	0.0012198464087557622	0.0008429521595931074	0.0007576176126128836	0.9970841306485025	8.697559596061263e-05	70
refN	0.0	0.0	0.0	0.0	1.0	70
refA	0.9975933419793862	0.00041111777357284685	0.0005996215562154185	0.0012489123630953878	0.0001412282308052283	71
refT	0.0005494045566533236	0.9967844691930089	0.001611357650809833	0.0008989120602889512	0.00014555004172850982	71
refG	0.00031763373340058326	0.0007225294814716565	0.9982861505110663	0.0005142641397914205	0.0001564898796424119	71
refC	0.0013462634729419732	0.0008960430628401047	0.0007503673501697809	0.9968506637814755	0.00014677515201123187	71
refN	0.0	0.0	0.0	0.0	1.0	71
refA	0.9975030924447709	0.00044523919406283476	0.0005416373957543822	0.0013574071775691024	0.0001464047688190377	72
refT	0.0005356250903273081	0.9968514816921434	0.0015495095068699463	0.0009406717562671305	0.00011282990068433236	72
refG	0.0003531170956265772	0.0006903703616659372	0.9982177300543804	0.0006104636644858797	0.0001251479889658252	72
refC	0.0013418079855039599	0.0008796714746776061	0.0007211479041034498	0.9969243473536236	0.0001235946482442574	72
refN	0.0	0.0	0.0	0.0	1.0	72
refA	0.9972947107093448	0.0004689589347899017	0.0005983065503050005	0.0014576708451655887	0.0001730541157348126	73
refT	0.00058863808757019	0.9965951206904053	0.0016853365365945847	0.0009882906648924466	0.00013106015693563878	73
refG	0.0003831151358989574	0.0008024628660457232	0.9979251000398195	0.0007305916545049886	0.00015443400826934715	73
refC	0.0014279095144891136	0.0009965054648121525	0.0007832392219354616	0.9966354579823284	0.00014560563282697936	73
refN	0.0	0.0	0.0	0.0	1.0	73
refA	0.9971376664714803	0.0005126236569829104	0.0005952662558890337	0.0015983557715974156	0.00014791827485371363	74
refT	0.0005133424105407135	0.9967508036741343	0.0016295600962245942	0.0009864105221253057	0.00010936021178085205	74
refG	0.00033370806461156143	0.0008644458907756937	0.9980299707667344	0.0006425655286669428	0.0001254363647121472	74
refC	0.001598330266663005	0.000978771317935902	0.0008063054403647049	0.9964856466002379	0.00011863894762859418	74
refN	0.0	0.0	0.0	0.0	1.0	74
refA	0.9970280827028575	0.0004965803259604191	0.0006420983701979046	0.0016952852153667055	0.00012914726426076833	75
refT	0.0006083627338024621	0.996215674162261	0.0018976569563065764	0.0011419189096912215	0.00012212010736339492	75
refG	0.0003564982053753227	0.0008314439506241319	0.9980020529470442	0.0006921958671631063	0.00011382519685403335	75
refC	0.0016186504805216816	0.0010400598452701836	0.0009261768004585547	0.996275535605067	0.00012575710635596925	75
refN	0.0	0.0	0.0	0.0	1.0	75
refA	0.9966597485358965	0.000558841389963372	0.0006550927775875435	0.001966445016248984	0.00014875214451008336	76
refT	0.0005524170014380226	0.9964190465113649	0.0017837660868112372	0.0011193204627039652	0.000112672465328268	76
refG	0.0003929573632502537	0.000884591984136901	0.997847247619187	0.00073453248583777	0.0001360461599365663	76
refC	0.0019264101393957219	0.0011246129659376917	0.0010197668111152376	0.9957751356982747	0.0001363000012691903	76
refN	0.0	0.0	0.0	0.0	1.0	76
refA	0.9963761695964481	0.0005739402771446589	0.0007380919201963207	0.0021658569306240833	0.0001328565456353377	77
refT	0.0006430737296241275	0.9960183795147245	0.0018910249887681256	0.0013243436593525118	0.00010738767734229588	77
refG	0.0004212475891408638	0.0009121228789661679	0.9977092351148261	0.0008552602567405416	9.689855011917941e-05	77
refC	0.002283400040642864	0.0012535231178377997	0.0010342946254229951	0.9952996631203312	0.00010712928848481635	77
refN	0.0	0.0	0.0	0.0	1.0	77
refA	0.9964213823761079	0.0005671450411796617	0.000679611767267251	0.002204227546048208	0.00011487243145844686	78
refT	0.0006554016556295654	0.9959615345457672	0.001971355471058673	0.0013256110107478145	6.985371280531224e-05	78
refG	0.00039026782866652794	0.0009450140926774083	0.9977375886441012	0.0008377199162162178	8.430256721950679e-05	78
refC	0.002156736668882616	0.0012287623012456543	0.001068560032258416	0.995434189876612	9.099924803016597e-05	78
refN	0.0	0.0	0.0	0.0	1.0	78
refA	0.9960413027220751	0.0006786705792787454	0.0008193276941551694	0.0023489738184362795	9.611569516555636e-05	79
refT	0.0007206020314145102	0.995257282776298	0.002536609386969414	0.0013777163167696918	8.54022979985891e-05	79
refG	0.00043537676083244036	0.0011171708448026974	0.9973475509984695	0.000981522847210005	0.0001113616748795902	79
refC	0.0022391669072164386	0.0013468961411069525	0.0013293684158058453	0.9949706668105297	8.873410933685494e-05	79
refN	0.0	0.0	0.0	0.0	1.0	79
refA	0.9956091899956288	0.0006888856432092728	0.0009780402179125642	0.0026112609445597844	9.3428267491043e-05	80
refT	0.0007287164617705216	0.9945998766655959	0.0030471039694883197	0.0015058889731225235	8.940922696969934e-05	80
refG	0.0004909040419121671	0.0014854930593720843	0.9967641199653565	0.0011706173307136293	7.84284564001687e-05	80
refC	0.002426831812853742	0.0014622166921020635	0.0015539807579493354	0.9944642261807665	6.226847325350588e-05	80
refN	0.0	0.0	0.0	0.0	1.0	80
refA	0.9951692999001043	0.0007949653391523122	0.0011628386902273098	0.002786864947412056	6.280764530548741e-05	81
refT	0.0007808295448462526	0.9938354761670556	0.0035781610053853517	0.0017087858389061464	5.897891471745093e-05	81
refG	0.0005078626049240088	0.0017256904933563811	0.9964118649061907	0.0012942678700172858	4.748544310577962e-05	81
